vertices 600
-2.0 -2.0 0.0 0.0
-2.0 0.0 -2.0 0.0
-2.0 0.0 0.0 -2.0
0.0 -2.0 -2.0 0.0
0.0 -2.0 0.0 -2.0
0.0 0.0 -2.0 -2.0
-2.0 2.0 0.0 0.0
-2.0 0.0 2.0 0.0
-2.0 0.0 0.0 2.0
0.0 -2.0 2.0 0.0
0.0 -2.0 0.0 2.0
0.0 0.0 -2.0 2.0
2.0 -2.0 0.0 0.0
2.0 0.0 -2.0 0.0
2.0 0.0 0.0 -2.0
0.0 2.0 -2.0 0.0
0.0 2.0 0.0 -2.0
0.0 0.0 2.0 -2.0
2.0 2.0 0.0 0.0
2.0 0.0 2.0 0.0
2.0 0.0 0.0 2.0
0.0 2.0 2.0 0.0
0.0 2.0 0.0 2.0
0.0 0.0 2.0 2.0
-0.38196601125010515 -1.618033988749895 -1.618033988749895 -1.618033988749895
-1.618033988749895 -0.38196601125010515 -1.618033988749895 -1.618033988749895
-1.618033988749895 -1.618033988749895 -0.38196601125010515 -1.618033988749895
-1.618033988749895 -1.618033988749895 -1.618033988749895 -0.38196601125010515
-0.38196601125010515 -1.618033988749895 -1.618033988749895 1.618033988749895
-1.618033988749895 -0.38196601125010515 -1.618033988749895 1.618033988749895
-1.618033988749895 -1.618033988749895 -0.38196601125010515 1.618033988749895
-1.618033988749895 -1.618033988749895 1.618033988749895 -0.38196601125010515
-0.38196601125010515 -1.618033988749895 1.618033988749895 -1.618033988749895
-1.618033988749895 -0.38196601125010515 1.618033988749895 -1.618033988749895
-1.618033988749895 1.618033988749895 -0.38196601125010515 -1.618033988749895
-1.618033988749895 1.618033988749895 -1.618033988749895 -0.38196601125010515
-0.38196601125010515 -1.618033988749895 1.618033988749895 1.618033988749895
-1.618033988749895 -0.38196601125010515 1.618033988749895 1.618033988749895
-1.618033988749895 1.618033988749895 -0.38196601125010515 1.618033988749895
-1.618033988749895 1.618033988749895 1.618033988749895 -0.38196601125010515
-0.38196601125010515 1.618033988749895 -1.618033988749895 -1.618033988749895
1.618033988749895 -0.38196601125010515 -1.618033988749895 -1.618033988749895
1.618033988749895 -1.618033988749895 -0.38196601125010515 -1.618033988749895
1.618033988749895 -1.618033988749895 -1.618033988749895 -0.38196601125010515
-0.38196601125010515 1.618033988749895 -1.618033988749895 1.618033988749895
1.618033988749895 -0.38196601125010515 -1.618033988749895 1.618033988749895
1.618033988749895 -1.618033988749895 -0.38196601125010515 1.618033988749895
1.618033988749895 -1.618033988749895 1.618033988749895 -0.38196601125010515
-0.38196601125010515 1.618033988749895 1.618033988749895 -1.618033988749895
1.618033988749895 -0.38196601125010515 1.618033988749895 -1.618033988749895
1.618033988749895 1.618033988749895 -0.38196601125010515 -1.618033988749895
1.618033988749895 1.618033988749895 -1.618033988749895 -0.38196601125010515
-0.38196601125010515 1.618033988749895 1.618033988749895 1.618033988749895
1.618033988749895 -0.38196601125010515 1.618033988749895 1.618033988749895
1.618033988749895 1.618033988749895 -0.38196601125010515 1.618033988749895
1.618033988749895 1.618033988749895 1.618033988749895 -0.38196601125010515
0.38196601125010515 -1.618033988749895 -1.618033988749895 -1.618033988749895
-1.618033988749895 0.38196601125010515 -1.618033988749895 -1.618033988749895
-1.618033988749895 -1.618033988749895 0.38196601125010515 -1.618033988749895
-1.618033988749895 -1.618033988749895 -1.618033988749895 0.38196601125010515
0.38196601125010515 -1.618033988749895 -1.618033988749895 1.618033988749895
-1.618033988749895 0.38196601125010515 -1.618033988749895 1.618033988749895
-1.618033988749895 -1.618033988749895 0.38196601125010515 1.618033988749895
-1.618033988749895 -1.618033988749895 1.618033988749895 0.38196601125010515
0.38196601125010515 -1.618033988749895 1.618033988749895 -1.618033988749895
-1.618033988749895 0.38196601125010515 1.618033988749895 -1.618033988749895
-1.618033988749895 1.618033988749895 0.38196601125010515 -1.618033988749895
-1.618033988749895 1.618033988749895 -1.618033988749895 0.38196601125010515
0.38196601125010515 -1.618033988749895 1.618033988749895 1.618033988749895
-1.618033988749895 0.38196601125010515 1.618033988749895 1.618033988749895
-1.618033988749895 1.618033988749895 0.38196601125010515 1.618033988749895
-1.618033988749895 1.618033988749895 1.618033988749895 0.38196601125010515
0.38196601125010515 1.618033988749895 -1.618033988749895 -1.618033988749895
1.618033988749895 0.38196601125010515 -1.618033988749895 -1.618033988749895
1.618033988749895 -1.618033988749895 0.38196601125010515 -1.618033988749895
1.618033988749895 -1.618033988749895 -1.618033988749895 0.38196601125010515
0.38196601125010515 1.618033988749895 -1.618033988749895 1.618033988749895
1.618033988749895 0.38196601125010515 -1.618033988749895 1.618033988749895
1.618033988749895 -1.618033988749895 0.38196601125010515 1.618033988749895
1.618033988749895 -1.618033988749895 1.618033988749895 0.38196601125010515
0.38196601125010515 1.618033988749895 1.618033988749895 -1.618033988749895
1.618033988749895 0.38196601125010515 1.618033988749895 -1.618033988749895
1.618033988749895 1.618033988749895 0.38196601125010515 -1.618033988749895
1.618033988749895 1.618033988749895 -1.618033988749895 0.38196601125010515
0.38196601125010515 1.618033988749895 1.618033988749895 1.618033988749895
1.618033988749895 0.38196601125010515 1.618033988749895 1.618033988749895
1.618033988749895 1.618033988749895 0.38196601125010515 1.618033988749895
1.618033988749895 1.618033988749895 1.618033988749895 0.38196601125010515
-2.23606797749979 -1.0 -1.0 -1.0
-1.0 -2.23606797749979 -1.0 -1.0
-1.0 -1.0 -2.23606797749979 -1.0
-1.0 -1.0 -1.0 -2.23606797749979
-2.23606797749979 -1.0 -1.0 1.0
-1.0 -2.23606797749979 -1.0 1.0
-1.0 -1.0 -2.23606797749979 1.0
-1.0 -1.0 1.0 -2.23606797749979
-2.23606797749979 -1.0 1.0 -1.0
-1.0 -2.23606797749979 1.0 -1.0
-1.0 1.0 -2.23606797749979 -1.0
-1.0 1.0 -1.0 -2.23606797749979
-2.23606797749979 -1.0 1.0 1.0
-1.0 -2.23606797749979 1.0 1.0
-1.0 1.0 -2.23606797749979 1.0
-1.0 1.0 1.0 -2.23606797749979
-2.23606797749979 1.0 -1.0 -1.0
1.0 -2.23606797749979 -1.0 -1.0
1.0 -1.0 -2.23606797749979 -1.0
1.0 -1.0 -1.0 -2.23606797749979
-2.23606797749979 1.0 -1.0 1.0
1.0 -2.23606797749979 -1.0 1.0
1.0 -1.0 -2.23606797749979 1.0
1.0 -1.0 1.0 -2.23606797749979
-2.23606797749979 1.0 1.0 -1.0
1.0 -2.23606797749979 1.0 -1.0
1.0 1.0 -2.23606797749979 -1.0
1.0 1.0 -1.0 -2.23606797749979
-2.23606797749979 1.0 1.0 1.0
1.0 -2.23606797749979 1.0 1.0
1.0 1.0 -2.23606797749979 1.0
1.0 1.0 1.0 -2.23606797749979
2.23606797749979 -1.0 -1.0 -1.0
-1.0 2.23606797749979 -1.0 -1.0
-1.0 -1.0 2.23606797749979 -1.0
-1.0 -1.0 -1.0 2.23606797749979
2.23606797749979 -1.0 -1.0 1.0
-1.0 2.23606797749979 -1.0 1.0
-1.0 -1.0 2.23606797749979 1.0
-1.0 -1.0 1.0 2.23606797749979
2.23606797749979 -1.0 1.0 -1.0
-1.0 2.23606797749979 1.0 -1.0
-1.0 1.0 2.23606797749979 -1.0
-1.0 1.0 -1.0 2.23606797749979
2.23606797749979 -1.0 1.0 1.0
-1.0 2.23606797749979 1.0 1.0
-1.0 1.0 2.23606797749979 1.0
-1.0 1.0 1.0 2.23606797749979
2.23606797749979 1.0 -1.0 -1.0
1.0 2.23606797749979 -1.0 -1.0
1.0 -1.0 2.23606797749979 -1.0
1.0 -1.0 -1.0 2.23606797749979
2.23606797749979 1.0 -1.0 1.0
1.0 2.23606797749979 -1.0 1.0
1.0 -1.0 2.23606797749979 1.0
1.0 -1.0 1.0 2.23606797749979
2.23606797749979 1.0 1.0 -1.0
1.0 2.23606797749979 1.0 -1.0
1.0 1.0 2.23606797749979 -1.0
1.0 1.0 -1.0 2.23606797749979
2.23606797749979 1.0 1.0 1.0
1.0 2.23606797749979 1.0 1.0
1.0 1.0 2.23606797749979 1.0
1.0 1.0 1.0 2.23606797749979
-2.618033988749895 -0.6180339887498948 -0.6180339887498948 -0.6180339887498948
-0.6180339887498948 -2.618033988749895 -0.6180339887498948 -0.6180339887498948
-0.6180339887498948 -0.6180339887498948 -2.618033988749895 -0.6180339887498948
-0.6180339887498948 -0.6180339887498948 -0.6180339887498948 -2.618033988749895
-2.618033988749895 -0.6180339887498948 -0.6180339887498948 0.6180339887498948
-0.6180339887498948 -2.618033988749895 -0.6180339887498948 0.6180339887498948
-0.6180339887498948 -0.6180339887498948 -2.618033988749895 0.6180339887498948
-0.6180339887498948 -0.6180339887498948 0.6180339887498948 -2.618033988749895
-2.618033988749895 -0.6180339887498948 0.6180339887498948 -0.6180339887498948
-0.6180339887498948 -2.618033988749895 0.6180339887498948 -0.6180339887498948
-0.6180339887498948 0.6180339887498948 -2.618033988749895 -0.6180339887498948
-0.6180339887498948 0.6180339887498948 -0.6180339887498948 -2.618033988749895
-2.618033988749895 -0.6180339887498948 0.6180339887498948 0.6180339887498948
-0.6180339887498948 -2.618033988749895 0.6180339887498948 0.6180339887498948
-0.6180339887498948 0.6180339887498948 -2.618033988749895 0.6180339887498948
-0.6180339887498948 0.6180339887498948 0.6180339887498948 -2.618033988749895
-2.618033988749895 0.6180339887498948 -0.6180339887498948 -0.6180339887498948
0.6180339887498948 -2.618033988749895 -0.6180339887498948 -0.6180339887498948
0.6180339887498948 -0.6180339887498948 -2.618033988749895 -0.6180339887498948
0.6180339887498948 -0.6180339887498948 -0.6180339887498948 -2.618033988749895
-2.618033988749895 0.6180339887498948 -0.6180339887498948 0.6180339887498948
0.6180339887498948 -2.618033988749895 -0.6180339887498948 0.6180339887498948
0.6180339887498948 -0.6180339887498948 -2.618033988749895 0.6180339887498948
0.6180339887498948 -0.6180339887498948 0.6180339887498948 -2.618033988749895
-2.618033988749895 0.6180339887498948 0.6180339887498948 -0.6180339887498948
0.6180339887498948 -2.618033988749895 0.6180339887498948 -0.6180339887498948
0.6180339887498948 0.6180339887498948 -2.618033988749895 -0.6180339887498948
0.6180339887498948 0.6180339887498948 -0.6180339887498948 -2.618033988749895
-2.618033988749895 0.6180339887498948 0.6180339887498948 0.6180339887498948
0.6180339887498948 -2.618033988749895 0.6180339887498948 0.6180339887498948
0.6180339887498948 0.6180339887498948 -2.618033988749895 0.6180339887498948
0.6180339887498948 0.6180339887498948 0.6180339887498948 -2.618033988749895
2.618033988749895 -0.6180339887498948 -0.6180339887498948 -0.6180339887498948
-0.6180339887498948 2.618033988749895 -0.6180339887498948 -0.6180339887498948
-0.6180339887498948 -0.6180339887498948 2.618033988749895 -0.6180339887498948
-0.6180339887498948 -0.6180339887498948 -0.6180339887498948 2.618033988749895
2.618033988749895 -0.6180339887498948 -0.6180339887498948 0.6180339887498948
-0.6180339887498948 2.618033988749895 -0.6180339887498948 0.6180339887498948
-0.6180339887498948 -0.6180339887498948 2.618033988749895 0.6180339887498948
-0.6180339887498948 -0.6180339887498948 0.6180339887498948 2.618033988749895
2.618033988749895 -0.6180339887498948 0.6180339887498948 -0.6180339887498948
-0.6180339887498948 2.618033988749895 0.6180339887498948 -0.6180339887498948
-0.6180339887498948 0.6180339887498948 2.618033988749895 -0.6180339887498948
-0.6180339887498948 0.6180339887498948 -0.6180339887498948 2.618033988749895
2.618033988749895 -0.6180339887498948 0.6180339887498948 0.6180339887498948
-0.6180339887498948 2.618033988749895 0.6180339887498948 0.6180339887498948
-0.6180339887498948 0.6180339887498948 2.618033988749895 0.6180339887498948
-0.6180339887498948 0.6180339887498948 0.6180339887498948 2.618033988749895
2.618033988749895 0.6180339887498948 -0.6180339887498948 -0.6180339887498948
0.6180339887498948 2.618033988749895 -0.6180339887498948 -0.6180339887498948
0.6180339887498948 -0.6180339887498948 2.618033988749895 -0.6180339887498948
0.6180339887498948 -0.6180339887498948 -0.6180339887498948 2.618033988749895
2.618033988749895 0.6180339887498948 -0.6180339887498948 0.6180339887498948
0.6180339887498948 2.618033988749895 -0.6180339887498948 0.6180339887498948
0.6180339887498948 -0.6180339887498948 2.618033988749895 0.6180339887498948
0.6180339887498948 -0.6180339887498948 0.6180339887498948 2.618033988749895
2.618033988749895 0.6180339887498948 0.6180339887498948 -0.6180339887498948
0.6180339887498948 2.618033988749895 0.6180339887498948 -0.6180339887498948
0.6180339887498948 0.6180339887498948 2.618033988749895 -0.6180339887498948
0.6180339887498948 0.6180339887498948 -0.6180339887498948 2.618033988749895
2.618033988749895 0.6180339887498948 0.6180339887498948 0.6180339887498948
0.6180339887498948 2.618033988749895 0.6180339887498948 0.6180339887498948
0.6180339887498948 0.6180339887498948 2.618033988749895 0.6180339887498948
0.6180339887498948 0.6180339887498948 0.6180339887498948 2.618033988749895
0.0 -0.6180339887498948 -1.618033988749895 -2.23606797749979
0.0 -1.618033988749895 -2.23606797749979 -0.6180339887498948
0.0 -2.23606797749979 -0.6180339887498948 -1.618033988749895
-0.6180339887498948 0.0 -2.23606797749979 -1.618033988749895
-0.6180339887498948 -1.618033988749895 0.0 -2.23606797749979
-0.6180339887498948 -2.23606797749979 -1.618033988749895 0.0
-1.618033988749895 0.0 -0.6180339887498948 -2.23606797749979
-1.618033988749895 -0.6180339887498948 -2.23606797749979 0.0
-1.618033988749895 -2.23606797749979 0.0 -0.6180339887498948
-2.23606797749979 0.0 -1.618033988749895 -0.6180339887498948
-2.23606797749979 -0.6180339887498948 0.0 -1.618033988749895
-2.23606797749979 -1.618033988749895 -0.6180339887498948 0.0
0.0 -0.6180339887498948 -1.618033988749895 2.23606797749979
0.0 -1.618033988749895 2.23606797749979 -0.6180339887498948
0.0 2.23606797749979 -0.6180339887498948 -1.618033988749895
-0.6180339887498948 0.0 2.23606797749979 -1.618033988749895
-0.6180339887498948 -1.618033988749895 0.0 2.23606797749979
-0.6180339887498948 2.23606797749979 -1.618033988749895 0.0
-1.618033988749895 0.0 -0.6180339887498948 2.23606797749979
-1.618033988749895 -0.6180339887498948 2.23606797749979 0.0
-1.618033988749895 2.23606797749979 0.0 -0.6180339887498948
2.23606797749979 0.0 -1.618033988749895 -0.6180339887498948
2.23606797749979 -0.6180339887498948 0.0 -1.618033988749895
2.23606797749979 -1.618033988749895 -0.6180339887498948 0.0
0.0 -0.6180339887498948 1.618033988749895 -2.23606797749979
0.0 1.618033988749895 -2.23606797749979 -0.6180339887498948
0.0 -2.23606797749979 -0.6180339887498948 1.618033988749895
-0.6180339887498948 0.0 -2.23606797749979 1.618033988749895
-0.6180339887498948 1.618033988749895 0.0 -2.23606797749979
-0.6180339887498948 -2.23606797749979 1.618033988749895 0.0
1.618033988749895 0.0 -0.6180339887498948 -2.23606797749979
1.618033988749895 -0.6180339887498948 -2.23606797749979 0.0
1.618033988749895 -2.23606797749979 0.0 -0.6180339887498948
-2.23606797749979 0.0 1.618033988749895 -0.6180339887498948
-2.23606797749979 -0.6180339887498948 0.0 1.618033988749895
-2.23606797749979 1.618033988749895 -0.6180339887498948 0.0
0.0 -0.6180339887498948 1.618033988749895 2.23606797749979
0.0 1.618033988749895 2.23606797749979 -0.6180339887498948
0.0 2.23606797749979 -0.6180339887498948 1.618033988749895
-0.6180339887498948 0.0 2.23606797749979 1.618033988749895
-0.6180339887498948 1.618033988749895 0.0 2.23606797749979
-0.6180339887498948 2.23606797749979 1.618033988749895 0.0
1.618033988749895 0.0 -0.6180339887498948 2.23606797749979
1.618033988749895 -0.6180339887498948 2.23606797749979 0.0
1.618033988749895 2.23606797749979 0.0 -0.6180339887498948
2.23606797749979 0.0 1.618033988749895 -0.6180339887498948
2.23606797749979 -0.6180339887498948 0.0 1.618033988749895
2.23606797749979 1.618033988749895 -0.6180339887498948 0.0
0.0 0.6180339887498948 -1.618033988749895 -2.23606797749979
0.0 -1.618033988749895 -2.23606797749979 0.6180339887498948
0.0 -2.23606797749979 0.6180339887498948 -1.618033988749895
0.6180339887498948 0.0 -2.23606797749979 -1.618033988749895
0.6180339887498948 -1.618033988749895 0.0 -2.23606797749979
0.6180339887498948 -2.23606797749979 -1.618033988749895 0.0
-1.618033988749895 0.0 0.6180339887498948 -2.23606797749979
-1.618033988749895 0.6180339887498948 -2.23606797749979 0.0
-1.618033988749895 -2.23606797749979 0.0 0.6180339887498948
-2.23606797749979 0.0 -1.618033988749895 0.6180339887498948
-2.23606797749979 0.6180339887498948 0.0 -1.618033988749895
-2.23606797749979 -1.618033988749895 0.6180339887498948 0.0
0.0 0.6180339887498948 -1.618033988749895 2.23606797749979
0.0 -1.618033988749895 2.23606797749979 0.6180339887498948
0.0 2.23606797749979 0.6180339887498948 -1.618033988749895
0.6180339887498948 0.0 2.23606797749979 -1.618033988749895
0.6180339887498948 -1.618033988749895 0.0 2.23606797749979
0.6180339887498948 2.23606797749979 -1.618033988749895 0.0
-1.618033988749895 0.0 0.6180339887498948 2.23606797749979
-1.618033988749895 0.6180339887498948 2.23606797749979 0.0
-1.618033988749895 2.23606797749979 0.0 0.6180339887498948
2.23606797749979 0.0 -1.618033988749895 0.6180339887498948
2.23606797749979 0.6180339887498948 0.0 -1.618033988749895
2.23606797749979 -1.618033988749895 0.6180339887498948 0.0
0.0 0.6180339887498948 1.618033988749895 -2.23606797749979
0.0 1.618033988749895 -2.23606797749979 0.6180339887498948
0.0 -2.23606797749979 0.6180339887498948 1.618033988749895
0.6180339887498948 0.0 -2.23606797749979 1.618033988749895
0.6180339887498948 1.618033988749895 0.0 -2.23606797749979
0.6180339887498948 -2.23606797749979 1.618033988749895 0.0
1.618033988749895 0.0 0.6180339887498948 -2.23606797749979
1.618033988749895 0.6180339887498948 -2.23606797749979 0.0
1.618033988749895 -2.23606797749979 0.0 0.6180339887498948
-2.23606797749979 0.0 1.618033988749895 0.6180339887498948
-2.23606797749979 0.6180339887498948 0.0 1.618033988749895
-2.23606797749979 1.618033988749895 0.6180339887498948 0.0
0.0 0.6180339887498948 1.618033988749895 2.23606797749979
0.0 1.618033988749895 2.23606797749979 0.6180339887498948
0.0 2.23606797749979 0.6180339887498948 1.618033988749895
0.6180339887498948 0.0 2.23606797749979 1.618033988749895
0.6180339887498948 1.618033988749895 0.0 2.23606797749979
0.6180339887498948 2.23606797749979 1.618033988749895 0.0
1.618033988749895 0.0 0.6180339887498948 2.23606797749979
1.618033988749895 0.6180339887498948 2.23606797749979 0.0
1.618033988749895 2.23606797749979 0.0 0.6180339887498948
2.23606797749979 0.0 1.618033988749895 0.6180339887498948
2.23606797749979 0.6180339887498948 0.0 1.618033988749895
2.23606797749979 1.618033988749895 0.6180339887498948 0.0
0.0 -0.38196601125010515 -1.0 -2.618033988749895
0.0 -1.0 -2.618033988749895 -0.38196601125010515
0.0 -2.618033988749895 -0.38196601125010515 -1.0
-0.38196601125010515 0.0 -2.618033988749895 -1.0
-0.38196601125010515 -1.0 0.0 -2.618033988749895
-0.38196601125010515 -2.618033988749895 -1.0 0.0
-1.0 0.0 -0.38196601125010515 -2.618033988749895
-1.0 -0.38196601125010515 -2.618033988749895 0.0
-1.0 -2.618033988749895 0.0 -0.38196601125010515
-2.618033988749895 0.0 -1.0 -0.38196601125010515
-2.618033988749895 -0.38196601125010515 0.0 -1.0
-2.618033988749895 -1.0 -0.38196601125010515 0.0
0.0 -0.38196601125010515 -1.0 2.618033988749895
0.0 -1.0 2.618033988749895 -0.38196601125010515
0.0 2.618033988749895 -0.38196601125010515 -1.0
-0.38196601125010515 0.0 2.618033988749895 -1.0
-0.38196601125010515 -1.0 0.0 2.618033988749895
-0.38196601125010515 2.618033988749895 -1.0 0.0
-1.0 0.0 -0.38196601125010515 2.618033988749895
-1.0 -0.38196601125010515 2.618033988749895 0.0
-1.0 2.618033988749895 0.0 -0.38196601125010515
2.618033988749895 0.0 -1.0 -0.38196601125010515
2.618033988749895 -0.38196601125010515 0.0 -1.0
2.618033988749895 -1.0 -0.38196601125010515 0.0
0.0 -0.38196601125010515 1.0 -2.618033988749895
0.0 1.0 -2.618033988749895 -0.38196601125010515
0.0 -2.618033988749895 -0.38196601125010515 1.0
-0.38196601125010515 0.0 -2.618033988749895 1.0
-0.38196601125010515 1.0 0.0 -2.618033988749895
-0.38196601125010515 -2.618033988749895 1.0 0.0
1.0 0.0 -0.38196601125010515 -2.618033988749895
1.0 -0.38196601125010515 -2.618033988749895 0.0
1.0 -2.618033988749895 0.0 -0.38196601125010515
-2.618033988749895 0.0 1.0 -0.38196601125010515
-2.618033988749895 -0.38196601125010515 0.0 1.0
-2.618033988749895 1.0 -0.38196601125010515 0.0
0.0 -0.38196601125010515 1.0 2.618033988749895
0.0 1.0 2.618033988749895 -0.38196601125010515
0.0 2.618033988749895 -0.38196601125010515 1.0
-0.38196601125010515 0.0 2.618033988749895 1.0
-0.38196601125010515 1.0 0.0 2.618033988749895
-0.38196601125010515 2.618033988749895 1.0 0.0
1.0 0.0 -0.38196601125010515 2.618033988749895
1.0 -0.38196601125010515 2.618033988749895 0.0
1.0 2.618033988749895 0.0 -0.38196601125010515
2.618033988749895 0.0 1.0 -0.38196601125010515
2.618033988749895 -0.38196601125010515 0.0 1.0
2.618033988749895 1.0 -0.38196601125010515 0.0
0.0 0.38196601125010515 -1.0 -2.618033988749895
0.0 -1.0 -2.618033988749895 0.38196601125010515
0.0 -2.618033988749895 0.38196601125010515 -1.0
0.38196601125010515 0.0 -2.618033988749895 -1.0
0.38196601125010515 -1.0 0.0 -2.618033988749895
0.38196601125010515 -2.618033988749895 -1.0 0.0
-1.0 0.0 0.38196601125010515 -2.618033988749895
-1.0 0.38196601125010515 -2.618033988749895 0.0
-1.0 -2.618033988749895 0.0 0.38196601125010515
-2.618033988749895 0.0 -1.0 0.38196601125010515
-2.618033988749895 0.38196601125010515 0.0 -1.0
-2.618033988749895 -1.0 0.38196601125010515 0.0
0.0 0.38196601125010515 -1.0 2.618033988749895
0.0 -1.0 2.618033988749895 0.38196601125010515
0.0 2.618033988749895 0.38196601125010515 -1.0
0.38196601125010515 0.0 2.618033988749895 -1.0
0.38196601125010515 -1.0 0.0 2.618033988749895
0.38196601125010515 2.618033988749895 -1.0 0.0
-1.0 0.0 0.38196601125010515 2.618033988749895
-1.0 0.38196601125010515 2.618033988749895 0.0
-1.0 2.618033988749895 0.0 0.38196601125010515
2.618033988749895 0.0 -1.0 0.38196601125010515
2.618033988749895 0.38196601125010515 0.0 -1.0
2.618033988749895 -1.0 0.38196601125010515 0.0
0.0 0.38196601125010515 1.0 -2.618033988749895
0.0 1.0 -2.618033988749895 0.38196601125010515
0.0 -2.618033988749895 0.38196601125010515 1.0
0.38196601125010515 0.0 -2.618033988749895 1.0
0.38196601125010515 1.0 0.0 -2.618033988749895
0.38196601125010515 -2.618033988749895 1.0 0.0
1.0 0.0 0.38196601125010515 -2.618033988749895
1.0 0.38196601125010515 -2.618033988749895 0.0
1.0 -2.618033988749895 0.0 0.38196601125010515
-2.618033988749895 0.0 1.0 0.38196601125010515
-2.618033988749895 0.38196601125010515 0.0 1.0
-2.618033988749895 1.0 0.38196601125010515 0.0
0.0 0.38196601125010515 1.0 2.618033988749895
0.0 1.0 2.618033988749895 0.38196601125010515
0.0 2.618033988749895 0.38196601125010515 1.0
0.38196601125010515 0.0 2.618033988749895 1.0
0.38196601125010515 1.0 0.0 2.618033988749895
0.38196601125010515 2.618033988749895 1.0 0.0
1.0 0.0 0.38196601125010515 2.618033988749895
1.0 0.38196601125010515 2.618033988749895 0.0
1.0 2.618033988749895 0.0 0.38196601125010515
2.618033988749895 0.0 1.0 0.38196601125010515
2.618033988749895 0.38196601125010515 0.0 1.0
2.618033988749895 1.0 0.38196601125010515 0.0
-0.6180339887498948 -1.0 -1.618033988749895 -2.0
-0.6180339887498948 -1.618033988749895 -2.0 -1.0
-0.6180339887498948 -2.0 -1.0 -1.618033988749895
-1.0 -0.6180339887498948 -2.0 -1.618033988749895
-1.0 -1.618033988749895 -0.6180339887498948 -2.0
-1.0 -2.0 -1.618033988749895 -0.6180339887498948
-1.618033988749895 -0.6180339887498948 -1.0 -2.0
-1.618033988749895 -1.0 -2.0 -0.6180339887498948
-1.618033988749895 -2.0 -0.6180339887498948 -1.0
-2.0 -0.6180339887498948 -1.618033988749895 -1.0
-2.0 -1.0 -0.6180339887498948 -1.618033988749895
-2.0 -1.618033988749895 -1.0 -0.6180339887498948
-0.6180339887498948 -1.0 -1.618033988749895 2.0
-0.6180339887498948 -1.618033988749895 2.0 -1.0
-0.6180339887498948 2.0 -1.0 -1.618033988749895
-1.0 -0.6180339887498948 2.0 -1.618033988749895
-1.0 -1.618033988749895 -0.6180339887498948 2.0
-1.0 2.0 -1.618033988749895 -0.6180339887498948
-1.618033988749895 -0.6180339887498948 -1.0 2.0
-1.618033988749895 -1.0 2.0 -0.6180339887498948
-1.618033988749895 2.0 -0.6180339887498948 -1.0
2.0 -0.6180339887498948 -1.618033988749895 -1.0
2.0 -1.0 -0.6180339887498948 -1.618033988749895
2.0 -1.618033988749895 -1.0 -0.6180339887498948
-0.6180339887498948 -1.0 1.618033988749895 -2.0
-0.6180339887498948 1.618033988749895 -2.0 -1.0
-0.6180339887498948 -2.0 -1.0 1.618033988749895
-1.0 -0.6180339887498948 -2.0 1.618033988749895
-1.0 1.618033988749895 -0.6180339887498948 -2.0
-1.0 -2.0 1.618033988749895 -0.6180339887498948
1.618033988749895 -0.6180339887498948 -1.0 -2.0
1.618033988749895 -1.0 -2.0 -0.6180339887498948
1.618033988749895 -2.0 -0.6180339887498948 -1.0
-2.0 -0.6180339887498948 1.618033988749895 -1.0
-2.0 -1.0 -0.6180339887498948 1.618033988749895
-2.0 1.618033988749895 -1.0 -0.6180339887498948
-0.6180339887498948 -1.0 1.618033988749895 2.0
-0.6180339887498948 1.618033988749895 2.0 -1.0
-0.6180339887498948 2.0 -1.0 1.618033988749895
-1.0 -0.6180339887498948 2.0 1.618033988749895
-1.0 1.618033988749895 -0.6180339887498948 2.0
-1.0 2.0 1.618033988749895 -0.6180339887498948
1.618033988749895 -0.6180339887498948 -1.0 2.0
1.618033988749895 -1.0 2.0 -0.6180339887498948
1.618033988749895 2.0 -0.6180339887498948 -1.0
2.0 -0.6180339887498948 1.618033988749895 -1.0
2.0 -1.0 -0.6180339887498948 1.618033988749895
2.0 1.618033988749895 -1.0 -0.6180339887498948
-0.6180339887498948 1.0 -1.618033988749895 -2.0
-0.6180339887498948 -1.618033988749895 -2.0 1.0
-0.6180339887498948 -2.0 1.0 -1.618033988749895
1.0 -0.6180339887498948 -2.0 -1.618033988749895
1.0 -1.618033988749895 -0.6180339887498948 -2.0
1.0 -2.0 -1.618033988749895 -0.6180339887498948
-1.618033988749895 -0.6180339887498948 1.0 -2.0
-1.618033988749895 1.0 -2.0 -0.6180339887498948
-1.618033988749895 -2.0 -0.6180339887498948 1.0
-2.0 -0.6180339887498948 -1.618033988749895 1.0
-2.0 1.0 -0.6180339887498948 -1.618033988749895
-2.0 -1.618033988749895 1.0 -0.6180339887498948
-0.6180339887498948 1.0 -1.618033988749895 2.0
-0.6180339887498948 -1.618033988749895 2.0 1.0
-0.6180339887498948 2.0 1.0 -1.618033988749895
1.0 -0.6180339887498948 2.0 -1.618033988749895
1.0 -1.618033988749895 -0.6180339887498948 2.0
1.0 2.0 -1.618033988749895 -0.6180339887498948
-1.618033988749895 -0.6180339887498948 1.0 2.0
-1.618033988749895 1.0 2.0 -0.6180339887498948
-1.618033988749895 2.0 -0.6180339887498948 1.0
2.0 -0.6180339887498948 -1.618033988749895 1.0
2.0 1.0 -0.6180339887498948 -1.618033988749895
2.0 -1.618033988749895 1.0 -0.6180339887498948
-0.6180339887498948 1.0 1.618033988749895 -2.0
-0.6180339887498948 1.618033988749895 -2.0 1.0
-0.6180339887498948 -2.0 1.0 1.618033988749895
1.0 -0.6180339887498948 -2.0 1.618033988749895
1.0 1.618033988749895 -0.6180339887498948 -2.0
1.0 -2.0 1.618033988749895 -0.6180339887498948
1.618033988749895 -0.6180339887498948 1.0 -2.0
1.618033988749895 1.0 -2.0 -0.6180339887498948
1.618033988749895 -2.0 -0.6180339887498948 1.0
-2.0 -0.6180339887498948 1.618033988749895 1.0
-2.0 1.0 -0.6180339887498948 1.618033988749895
-2.0 1.618033988749895 1.0 -0.6180339887498948
-0.6180339887498948 1.0 1.618033988749895 2.0
-0.6180339887498948 1.618033988749895 2.0 1.0
-0.6180339887498948 2.0 1.0 1.618033988749895
1.0 -0.6180339887498948 2.0 1.618033988749895
1.0 1.618033988749895 -0.6180339887498948 2.0
1.0 2.0 1.618033988749895 -0.6180339887498948
1.618033988749895 -0.6180339887498948 1.0 2.0
1.618033988749895 1.0 2.0 -0.6180339887498948
1.618033988749895 2.0 -0.6180339887498948 1.0
2.0 -0.6180339887498948 1.618033988749895 1.0
2.0 1.0 -0.6180339887498948 1.618033988749895
2.0 1.618033988749895 1.0 -0.6180339887498948
0.6180339887498948 -1.0 -1.618033988749895 -2.0
0.6180339887498948 -1.618033988749895 -2.0 -1.0
0.6180339887498948 -2.0 -1.0 -1.618033988749895
-1.0 0.6180339887498948 -2.0 -1.618033988749895
-1.0 -1.618033988749895 0.6180339887498948 -2.0
-1.0 -2.0 -1.618033988749895 0.6180339887498948
-1.618033988749895 0.6180339887498948 -1.0 -2.0
-1.618033988749895 -1.0 -2.0 0.6180339887498948
-1.618033988749895 -2.0 0.6180339887498948 -1.0
-2.0 0.6180339887498948 -1.618033988749895 -1.0
-2.0 -1.0 0.6180339887498948 -1.618033988749895
-2.0 -1.618033988749895 -1.0 0.6180339887498948
0.6180339887498948 -1.0 -1.618033988749895 2.0
0.6180339887498948 -1.618033988749895 2.0 -1.0
0.6180339887498948 2.0 -1.0 -1.618033988749895
-1.0 0.6180339887498948 2.0 -1.618033988749895
-1.0 -1.618033988749895 0.6180339887498948 2.0
-1.0 2.0 -1.618033988749895 0.6180339887498948
-1.618033988749895 0.6180339887498948 -1.0 2.0
-1.618033988749895 -1.0 2.0 0.6180339887498948
-1.618033988749895 2.0 0.6180339887498948 -1.0
2.0 0.6180339887498948 -1.618033988749895 -1.0
2.0 -1.0 0.6180339887498948 -1.618033988749895
2.0 -1.618033988749895 -1.0 0.6180339887498948
0.6180339887498948 -1.0 1.618033988749895 -2.0
0.6180339887498948 1.618033988749895 -2.0 -1.0
0.6180339887498948 -2.0 -1.0 1.618033988749895
-1.0 0.6180339887498948 -2.0 1.618033988749895
-1.0 1.618033988749895 0.6180339887498948 -2.0
-1.0 -2.0 1.618033988749895 0.6180339887498948
1.618033988749895 0.6180339887498948 -1.0 -2.0
1.618033988749895 -1.0 -2.0 0.6180339887498948
1.618033988749895 -2.0 0.6180339887498948 -1.0
-2.0 0.6180339887498948 1.618033988749895 -1.0
-2.0 -1.0 0.6180339887498948 1.618033988749895
-2.0 1.618033988749895 -1.0 0.6180339887498948
0.6180339887498948 -1.0 1.618033988749895 2.0
0.6180339887498948 1.618033988749895 2.0 -1.0
0.6180339887498948 2.0 -1.0 1.618033988749895
-1.0 0.6180339887498948 2.0 1.618033988749895
-1.0 1.618033988749895 0.6180339887498948 2.0
-1.0 2.0 1.618033988749895 0.6180339887498948
1.618033988749895 0.6180339887498948 -1.0 2.0
1.618033988749895 -1.0 2.0 0.6180339887498948
1.618033988749895 2.0 0.6180339887498948 -1.0
2.0 0.6180339887498948 1.618033988749895 -1.0
2.0 -1.0 0.6180339887498948 1.618033988749895
2.0 1.618033988749895 -1.0 0.6180339887498948
0.6180339887498948 1.0 -1.618033988749895 -2.0
0.6180339887498948 -1.618033988749895 -2.0 1.0
0.6180339887498948 -2.0 1.0 -1.618033988749895
1.0 0.6180339887498948 -2.0 -1.618033988749895
1.0 -1.618033988749895 0.6180339887498948 -2.0
1.0 -2.0 -1.618033988749895 0.6180339887498948
-1.618033988749895 0.6180339887498948 1.0 -2.0
-1.618033988749895 1.0 -2.0 0.6180339887498948
-1.618033988749895 -2.0 0.6180339887498948 1.0
-2.0 0.6180339887498948 -1.618033988749895 1.0
-2.0 1.0 0.6180339887498948 -1.618033988749895
-2.0 -1.618033988749895 1.0 0.6180339887498948
0.6180339887498948 1.0 -1.618033988749895 2.0
0.6180339887498948 -1.618033988749895 2.0 1.0
0.6180339887498948 2.0 1.0 -1.618033988749895
1.0 0.6180339887498948 2.0 -1.618033988749895
1.0 -1.618033988749895 0.6180339887498948 2.0
1.0 2.0 -1.618033988749895 0.6180339887498948
-1.618033988749895 0.6180339887498948 1.0 2.0
-1.618033988749895 1.0 2.0 0.6180339887498948
-1.618033988749895 2.0 0.6180339887498948 1.0
2.0 0.6180339887498948 -1.618033988749895 1.0
2.0 1.0 0.6180339887498948 -1.618033988749895
2.0 -1.618033988749895 1.0 0.6180339887498948
0.6180339887498948 1.0 1.618033988749895 -2.0
0.6180339887498948 1.618033988749895 -2.0 1.0
0.6180339887498948 -2.0 1.0 1.618033988749895
1.0 0.6180339887498948 -2.0 1.618033988749895
1.0 1.618033988749895 0.6180339887498948 -2.0
1.0 -2.0 1.618033988749895 0.6180339887498948
1.618033988749895 0.6180339887498948 1.0 -2.0
1.618033988749895 1.0 -2.0 0.6180339887498948
1.618033988749895 -2.0 0.6180339887498948 1.0
-2.0 0.6180339887498948 1.618033988749895 1.0
-2.0 1.0 0.6180339887498948 1.618033988749895
-2.0 1.618033988749895 1.0 0.6180339887498948
0.6180339887498948 1.0 1.618033988749895 2.0
0.6180339887498948 1.618033988749895 2.0 1.0
0.6180339887498948 2.0 1.0 1.618033988749895
1.0 0.6180339887498948 2.0 1.618033988749895
1.0 1.618033988749895 0.6180339887498948 2.0
1.0 2.0 1.618033988749895 0.6180339887498948
1.618033988749895 0.6180339887498948 1.0 2.0
1.618033988749895 1.0 2.0 0.6180339887498948
1.618033988749895 2.0 0.6180339887498948 1.0
2.0 0.6180339887498948 1.618033988749895 1.0
2.0 1.0 0.6180339887498948 1.618033988749895
2.0 1.618033988749895 1.0 0.6180339887498948
edges 1200
0 224
0 227
0 272
0 275
1 223
1 225
1 271
1 273
2 222
2 226
2 270
2 274
3 217
3 221
3 265
3 269
4 218
4 220
4 266
4 268
5 216
5 219
5 264
5 267
6 236
6 251
6 284
6 299
7 235
7 249
7 283
7 297
8 234
8 250
8 282
8 298
9 229
9 245
9 277
9 293
10 232
10 242
10 280
10 290
11 228
11 243
11 276
11 291
12 239
12 248
12 287
12 296
13 237
13 247
13 285
13 295
14 238
14 246
14 286
14 294
15 233
15 241
15 281
15 289
16 230
16 244
16 278
16 292
17 231
17 240
17 279
17 288
18 260
18 263
18 308
18 311
19 259
19 261
19 307
19 309
20 258
20 262
20 306
20 310
21 253
21 257
21 301
21 305
22 254
22 256
22 302
22 304
23 252
23 255
23 300
23 303
24 56
24 408
24 409
24 410
25 57
25 411
25 414
25 417
26 58
26 412
26 416
26 418
27 59
27 413
27 415
27 419
28 60
28 420
28 434
28 457
29 61
29 426
29 435
29 465
30 62
30 424
30 442
30 464
31 63
31 427
31 437
31 467
32 64
32 421
32 432
32 458
33 65
33 423
33 441
33 462
34 66
34 428
34 436
34 466
35 67
35 425
35 443
35 463
36 68
36 444
36 469
36 482
37 69
37 447
37 474
37 489
38 70
38 448
38 476
38 490
39 71
39 449
39 475
39 491
40 72
40 422
40 433
40 456
41 73
41 429
41 438
41 459
42 74
42 430
42 440
42 460
43 75
43 431
43 439
43 461
44 76
44 446
44 468
44 481
45 77
45 450
45 477
45 483
46 78
46 454
46 472
46 488
47 79
47 451
47 479
47 485
48 80
48 445
48 470
48 480
49 81
49 453
49 471
49 486
50 82
50 452
50 478
50 484
51 83
51 455
51 473
51 487
52 84
52 492
52 493
52 494
53 85
53 495
53 498
53 501
54 86
54 496
54 500
54 502
55 87
55 497
55 499
55 503
56 504
56 505
56 506
57 507
57 510
57 513
58 508
58 512
58 514
59 509
59 511
59 515
60 516
60 530
60 553
61 522
61 531
61 561
62 520
62 538
62 560
63 523
63 533
63 563
64 517
64 528
64 554
65 519
65 537
65 558
66 524
66 532
66 562
67 521
67 539
67 559
68 540
68 565
68 578
69 543
69 570
69 585
70 544
70 572
70 586
71 545
71 571
71 587
72 518
72 529
72 552
73 525
73 534
73 555
74 526
74 536
74 556
75 527
75 535
75 557
76 542
76 564
76 577
77 546
77 573
77 579
78 550
78 568
78 584
79 547
79 575
79 581
80 541
80 566
80 576
81 549
81 567
81 582
82 548
82 574
82 580
83 551
83 569
83 583
84 588
84 589
84 590
85 591
85 594
85 597
86 592
86 596
86 598
87 593
87 595
87 599
88 152
88 417
88 418
88 419
89 153
89 410
89 413
89 416
90 154
90 409
90 411
90 415
91 155
91 408
91 412
91 414
92 156
92 442
92 465
92 515
93 157
93 434
93 464
93 509
94 158
94 435
94 457
94 511
95 159
95 432
95 462
95 508
96 160
96 441
96 467
96 514
97 161
97 437
97 458
97 512
98 162
98 433
98 463
98 507
99 163
99 436
99 456
99 510
100 164
100 489
100 538
100 563
101 165
101 482
101 533
101 560
102 166
102 481
102 531
102 559
103 167
103 480
103 532
103 558
104 168
104 443
104 466
104 513
105 169
105 440
105 461
105 506
106 170
106 439
106 459
106 505
107 171
107 438
107 460
107 504
108 172
108 490
108 539
108 561
109 173
109 488
109 530
109 557
110 174
110 483
110 535
110 553
111 175
111 486
111 528
111 556
112 176
112 491
112 537
112 562
113 177
113 485
113 536
113 554
114 178
114 487
114 529
114 555
115 179
115 484
115 534
115 552
116 180
116 585
116 586
116 587
117 181
117 578
117 581
117 584
118 182
118 577
118 579
118 583
119 183
119 576
119 580
119 582
120 184
120 429
120 430
120 431
121 185
121 422
121 425
121 428
122 186
122 421
122 423
122 427
123 187
123 420
123 424
123 426
124 188
124 454
124 477
124 527
125 189
125 446
125 476
125 521
126 190
126 447
126 469
126 523
127 191
127 444
127 474
127 520
128 192
128 453
128 479
128 526
129 193
129 449
129 470
129 524
130 194
130 445
130 475
130 519
131 195
131 448
131 468
131 522
132 196
132 501
132 550
132 575
133 197
133 494
133 545
133 572
134 198
134 493
134 543
134 571
135 199
135 492
135 544
135 570
136 200
136 455
136 478
136 525
137 201
137 452
137 473
137 518
138 202
138 451
138 471
138 517
139 203
139 450
139 472
139 516
140 204
140 502
140 551
140 573
141 205
141 500
141 542
141 569
142 206
142 495
142 547
142 565
143 207
143 498
143 540
143 568
144 208
144 503
144 549
144 574
145 209
145 497
145 548
145 566
146 210
146 499
146 541
146 567
147 211
147 496
147 546
147 564
148 212
148 597
148 598
148 599
149 213
149 590
149 593
149 596
150 214
150 589
150 591
150 595
151 215
151 588
151 592
151 594
152 321
152 322
152 323
153 314
153 317
153 320
154 313
154 315
154 319
155 312
155 316
155 318
156 323
156 346
156 369
157 317
157 338
157 368
158 319
158 339
158 361
159 316
159 336
159 366
160 322
160 345
160 371
161 320
161 341
161 362
162 315
162 337
162 367
163 318
163 340
163 360
164 346
164 371
164 393
165 341
165 368
165 386
166 339
166 367
166 385
167 340
167 366
167 384
168 321
168 347
168 370
169 314
169 344
169 365
170 313
170 343
170 363
171 312
171 342
171 364
172 347
172 369
172 394
173 338
173 365
173 392
174 343
174 361
174 387
175 336
175 364
175 390
176 345
176 370
176 395
177 344
177 362
177 389
178 337
178 363
178 391
179 342
179 360
179 388
180 393
180 394
180 395
181 386
181 389
181 392
182 385
182 387
182 391
183 384
183 388
183 390
184 333
184 334
184 335
185 326
185 329
185 332
186 325
186 327
186 331
187 324
187 328
187 330
188 335
188 358
188 381
189 329
189 350
189 380
190 331
190 351
190 373
191 328
191 348
191 378
192 334
192 357
192 383
193 332
193 353
193 374
194 327
194 349
194 379
195 330
195 352
195 372
196 358
196 383
196 405
197 353
197 380
197 398
198 351
198 379
198 397
199 352
199 378
199 396
200 333
200 359
200 382
201 326
201 356
201 377
202 325
202 355
202 375
203 324
203 354
203 376
204 359
204 381
204 406
205 350
205 377
205 404
206 355
206 373
206 399
207 348
207 376
207 402
208 357
208 382
208 407
209 356
209 374
209 401
210 349
210 375
210 403
211 354
211 372
211 400
212 405
212 406
212 407
213 398
213 401
213 404
214 397
214 399
214 403
215 396
215 400
215 402
216 312
216 408
216 504
217 313
217 409
217 505
218 314
218 410
218 506
219 315
219 411
219 507
220 316
220 412
220 508
221 317
221 413
221 509
222 318
222 414
222 510
223 319
223 415
223 511
224 320
224 416
224 512
225 321
225 417
225 513
226 322
226 418
226 514
227 323
227 419
227 515
228 324
228 420
228 516
229 325
229 421
229 517
230 326
230 422
230 518
231 327
231 423
231 519
232 328
232 424
232 520
233 329
233 425
233 521
234 330
234 426
234 522
235 331
235 427
235 523
236 332
236 428
236 524
237 333
237 429
237 525
238 334
238 430
238 526
239 335
239 431
239 527
240 336
240 432
240 528
241 337
241 433
241 529
242 338
242 434
242 530
243 339
243 435
243 531
244 340
244 436
244 532
245 341
245 437
245 533
246 342
246 438
246 534
247 343
247 439
247 535
248 344
248 440
248 536
249 345
249 441
249 537
250 346
250 442
250 538
251 347
251 443
251 539
252 348
252 444
252 540
253 349
253 445
253 541
254 350
254 446
254 542
255 351
255 447
255 543
256 352
256 448
256 544
257 353
257 449
257 545
258 354
258 450
258 546
259 355
259 451
259 547
260 356
260 452
260 548
261 357
261 453
261 549
262 358
262 454
262 550
263 359
263 455
263 551
264 360
264 456
264 552
265 361
265 457
265 553
266 362
266 458
266 554
267 363
267 459
267 555
268 364
268 460
268 556
269 365
269 461
269 557
270 366
270 462
270 558
271 367
271 463
271 559
272 368
272 464
272 560
273 369
273 465
273 561
274 370
274 466
274 562
275 371
275 467
275 563
276 372
276 468
276 564
277 373
277 469
277 565
278 374
278 470
278 566
279 375
279 471
279 567
280 376
280 472
280 568
281 377
281 473
281 569
282 378
282 474
282 570
283 379
283 475
283 571
284 380
284 476
284 572
285 381
285 477
285 573
286 382
286 478
286 574
287 383
287 479
287 575
288 384
288 480
288 576
289 385
289 481
289 577
290 386
290 482
290 578
291 387
291 483
291 579
292 388
292 484
292 580
293 389
293 485
293 581
294 390
294 486
294 582
295 391
295 487
295 583
296 392
296 488
296 584
297 393
297 489
297 585
298 394
298 490
298 586
299 395
299 491
299 587
300 396
300 492
300 588
301 397
301 493
301 589
302 398
302 494
302 590
303 399
303 495
303 591
304 400
304 496
304 592
305 401
305 497
305 593
306 402
306 498
306 594
307 403
307 499
307 595
308 404
308 500
308 596
309 405
309 501
309 597
310 406
310 502
310 598
311 407
311 503
311 599
312 360
313 361
314 362
315 363
316 364
317 365
318 366
319 367
320 368
321 369
322 370
323 371
324 372
325 373
326 374
327 375
328 376
329 377
330 378
331 379
332 380
333 381
334 382
335 383
336 384
337 385
338 386
339 387
340 388
341 389
342 390
343 391
344 392
345 393
346 394
347 395
348 396
349 397
350 398
351 399
352 400
353 401
354 402
355 403
356 404
357 405
358 406
359 407
408 411
409 413
410 412
414 418
415 417
416 419
420 435
421 437
422 436
423 432
424 434
425 433
426 442
427 441
428 443
429 439
430 438
431 440
444 447
445 449
446 448
450 454
451 453
452 455
456 507
457 509
458 508
459 504
460 506
461 505
462 514
463 513
464 515
465 511
466 510
467 512
468 531
469 533
470 532
471 528
472 530
473 529
474 538
475 537
476 539
477 535
478 534
479 536
480 519
481 521
482 520
483 516
484 518
485 517
486 526
487 525
488 527
489 523
490 522
491 524
492 543
493 545
494 544
495 540
496 542
497 541
498 550
499 549
500 551
501 547
502 546
503 548
552 555
553 557
554 556
558 562
559 561
560 563
564 579
565 581
566 580
567 576
568 578
569 577
570 586
571 585
572 587
573 583
574 582
575 584
588 591
589 593
590 592
594 598
595 597
596 599
faces 720
396 207 402 215 348
588 591 594 85 151
498 594 306 85 53
207 143 498 306 402
306 594 402 151 215
396 300 588 151 215
207 143 252 348 540
588 300 303 591 23
396 300 252 23 348
303 495 591 85 53
495 143 498 53 540
303 495 23 252 540
490 394 108 172 298
8 490 522 234 298
8 298 394 346 250
250 346 92 442 156
8 426 234 442 250
426 465 442 92 29
394 172 369 346 156
369 465 273 156 92
108 172 561 369 273
522 490 108 561 61
561 465 61 273 29
234 426 522 61 29
589 593 595 150 87
591 595 85 597 150
148 596 86 599 598
595 148 597 87 599
593 596 149 87 599
588 589 591 84 150
592 594 86 598 151
594 148 85 597 598
590 592 596 149 86
589 590 593 84 149
588 590 592 84 151
513 417 225 25 57
226 2 322 274 370
168 104 466 370 274
418 322 226 88 152
226 418 2 222 414
417 418 88 25 414
2 510 466 274 222
513 104 466 57 510
510 25 57 222 414
513 225 321 168 104
321 225 417 88 152
321 322 168 370 152
167 103 244 532 340
2 558 270 274 562
66 103 558 562 532
34 66 532 436 244
103 167 558 366 270
2 366 270 222 318
163 99 436 244 340
163 99 510 222 318
163 167 366 340 318
34 99 466 436 510
34 66 466 562 274
219 411 57 507 25
408 155 312 91 216
5 411 408 219 216
318 155 91 222 414
411 408 25 91 414
163 360 312 155 318
99 456 57 507 510
5 456 264 219 507
163 99 456 264 360
5 264 360 312 216
41 459 107 438 504
107 171 342 438 246
5 267 459 504 216
312 107 171 504 216
360 171 179 342 312
264 552 360 115 179
5 264 552 555 267
73 41 267 459 555
115 179 342 246 534
552 73 555 115 534
73 41 534 438 246
164 393 394 180 346
393 395 176 180 345
394 395 172 180 347
160 164 393 371 345
160 322 323 371 152
160 322 176 370 345
323 164 371 346 156
168 395 176 370 347
321 323 369 152 156
321 168 172 369 347
359 204 212 406 407
359 551 263 140 204
359 263 18 407 311
18 596 308 599 311
599 212 148 407 311
551 263 18 500 308
551 140 500 54 502
596 500 86 54 308
54 86 598 310 502
140 204 406 310 502
212 148 598 406 310
255 198 134 543 351
134 492 493 52 543
255 492 300 23 543
198 134 493 301 397
589 301 397 214 150
492 588 300 52 84
493 589 301 52 84
351 399 303 23 255
399 591 303 150 214
198 397 399 214 351
486 582 294 81 49
192 128 453 261 357
294 582 14 574 286
549 582 144 81 574
453 261 549 49 81
128 453 486 526 49
261 357 549 144 208
192 357 334 208 382
382 144 208 574 286
334 238 14 382 286
192 128 334 238 526
294 486 14 238 526
503 260 548 18 311
356 260 18 404 308
503 548 497 145 55
404 213 308 149 596
593 401 305 213 149
356 401 209 404 213
356 260 548 145 209
497 145 401 209 305
503 599 55 87 311
593 497 305 87 55
546 140 77 502 573
573 204 140 381 285
358 204 406 188 381
188 381 285 124 477
258 546 20 310 502
358 262 20 406 310
358 454 262 188 124
450 258 454 262 20
573 45 77 285 477
450 258 546 45 77
450 454 45 124 477
6 299 395 251 347
66 491 524 112 562
299 395 491 176 112
6 299 524 236 491
66 34 236 428 524
104 168 251 443 347
34 104 428 466 443
6 428 236 251 443
176 112 370 274 562
345 537 176 112 249
226 2 514 462 270
96 160 249 441 345
96 160 226 322 514
65 33 249 537 441
96 33 514 462 441
65 558 112 562 537
65 33 558 462 270
257 545 353 197 133
129 193 524 236 332
193 353 197 332 380
129 449 193 257 353
129 449 39 491 524
545 133 71 587 572
39 71 587 299 491
449 545 257 39 71
197 133 380 284 572
6 587 299 284 572
6 236 332 284 380
193 326 332 374 185
185 326 329 201 377
356 326 201 209 374
193 353 401 209 374
329 332 185 380 189
205 398 404 213 350
356 201 205 404 377
329 205 377 189 350
353 197 398 401 213
197 398 380 189 350
121 422 230 326 185
129 193 470 374 278
422 230 16 436 244
326 230 16 374 278
34 422 428 436 121
121 428 332 236 185
129 66 524 532 470
16 244 532 470 278
580 292 16 566 278
326 230 518 137 201
484 580 292 50 82
292 484 230 518 16
580 548 145 82 566
452 484 518 137 50
356 452 260 137 201
452 260 548 50 82
145 209 374 566 278
80 48 253 541 445
449 129 48 470 445
80 145 497 566 541
80 48 470 566 278
497 305 21 253 541
257 449 21 253 445
257 353 401 305 21
455 136 200 263 359
359 200 208 407 382
503 208 144 407 311
382 478 136 200 286
452 455 136 50 478
548 144 82 503 574
574 50 82 478 286
452 260 263 455 18
205 141 404 500 308
263 551 455 83 51
452 455 137 51 473
281 137 201 473 377
551 141 83 500 569
473 569 83 51 281
281 205 141 569 377
487 295 391 178 114
439 170 106 247 343
295 391 13 247 343
170 363 106 267 459
391 170 363 178 343
295 487 237 13 525
555 267 363 178 114
487 73 555 525 114
41 106 459 429 439
73 41 525 429 237
439 237 13 429 247
162 363 337 178 315
337 529 114 241 178
162 98 219 507 315
72 552 555 529 114
72 264 552 40 456
5 267 363 219 315
98 162 337 433 241
98 456 40 433 507
72 40 433 241 529
422 518 72 40 230
121 329 425 233 185
425 233 15 433 241
422 40 425 433 121
281 329 233 15 377
473 15 241 529 281
518 72 137 529 473
484 518 72 552 115
487 136 455 525 51
487 529 114 51 473
484 50 115 534 478
136 73 525 534 478
388 484 292 115 179
99 422 456 40 436
388 292 16 244 340
163 388 360 179 340
590 398 302 213 149
257 545 301 493 21
589 301 593 305 21
590 494 302 52 84
545 133 493 494 52
197 133 398 494 302
69 135 492 570 543
69 585 586 116 570
544 135 492 494 52
69 134 585 571 543
544 133 70 494 572
544 70 135 586 570
70 586 587 116 572
71 585 587 116 571
545 134 71 493 571
577 289 281 15 569
577 481 289 76 44
289 481 521 233 15
446 189 254 125 350
329 233 521 189 125
481 521 44 125 446
446 44 76 254 542
577 76 141 569 542
542 205 141 254 350
141 496 500 54 542
592 304 496 86 54
302 590 592 304 22
304 496 22 254 542
302 398 22 254 350
135 199 396 492 300
37 447 474 444 127
255 252 23 444 447
199 396 378 348 191
191 252 348 444 127
255 37 69 543 447
37 69 282 570 474
135 199 282 378 570
191 282 378 474 127
385 387 166 339 182
387 391 174 182 343
170 363 313 154 315
361 170 174 343 313
387 361 174 339 158
361 313 154 158 319
166 367 339 158 319
385 162 166 367 337
162 367 154 315 319
385 391 337 178 182
265 457 553 60 28
291 387 11 339 243
265 553 361 174 110
291 387 483 174 110
420 228 11 435 243
265 457 361 94 158
339 435 243 158 94
420 457 435 28 94
483 516 553 110 60
291 516 228 483 11
228 420 516 60 28
11 531 243 468 276
195 131 522 234 330
131 195 468 372 276
131 522 531 468 61
228 324 11 372 276
531 435 243 61 29
420 426 435 123 29
234 330 426 187 123
420 324 228 187 123
195 324 330 372 187
44 76 468 564 276
385 481 289 102 166
481 102 44 531 468
102 166 531 339 243
291 579 11 564 276
577 385 289 182 118
577 579 76 564 118
291 579 387 182 118
211 276 372 147 564
579 291 483 77 45
354 324 203 211 372
450 258 354 139 203
450 483 516 139 45
516 228 324 139 203
546 579 77 147 564
258 546 354 211 147
385 289 15 337 241
487 295 583 83 51
583 295 391 118 182
577 583 83 118 569
573 295 583 13 285
136 200 525 333 237
551 583 140 83 573
13 333 237 381 285
359 200 204 333 381
535 13 247 285 477
483 45 110 535 477
535 174 110 247 343
579 583 77 118 573
546 496 147 54 502
76 496 147 564 542
7 331 235 379 283
194 130 231 519 327
249 7 427 235 441
194 327 331 186 379
122 331 427 235 186
194 130 379 475 283
65 33 231 423 519
33 423 427 441 122
122 423 231 327 186
7 537 475 249 283
65 130 519 537 475
449 130 39 475 445
194 130 253 349 445
301 397 21 253 349
194 198 397 379 349
39 71 475 571 283
198 134 283 571 379
480 65 103 519 558
480 103 48 532 470
480 130 519 48 445
39 491 112 537 475
7 585 297 571 283
393 585 297 116 180
299 587 395 116 180
249 7 393 297 345
418 226 514 58 26
155 316 412 91 220
418 26 91 412 414
514 462 58 508 95
26 508 412 58 220
508 316 220 95 159
366 155 316 318 159
366 462 270 95 159
210 146 253 349 541
567 210 146 279 375
576 288 17 567 279
194 327 210 375 349
576 80 146 567 541
576 288 480 48 80
231 327 17 279 375
288 480 231 519 17
68 36 469 565 277
206 399 373 190 351
206 142 565 277 373
36 469 444 126 447
469 373 277 126 190
206 303 495 142 399
351 447 126 190 255
36 68 252 444 540
68 142 495 565 540
384 480 288 103 167
33 423 462 432 95
384 167 366 336 159
159 240 336 432 95
384 288 240 336 17
423 231 240 17 432
294 582 390 119 183
478 14 534 246 286
294 390 14 342 246
388 580 292 119 183
388 390 179 342 183
580 582 82 119 574
576 580 80 566 119
384 388 167 340 183
576 288 384 119 183
364 175 336 316 159
384 390 175 336 183
390 171 364 175 342
171 364 312 155 316
576 582 81 119 567
471 567 81 49 279
486 111 528 49 471
175 240 528 336 111
471 240 528 17 279
294 486 390 175 111
1 225 513 463 271
162 98 463 367 271
1 319 367 271 223
223 90 319 154 415
1 417 225 223 415
417 25 90 411 415
90 219 411 154 315
513 98 463 57 507
509 59 27 221 413
509 3 457 265 221
457 59 509 94 511
223 59 511 27 415
409 90 27 413 415
319 511 158 94 223
3 217 265 361 313
217 90 409 313 154
3 409 217 221 413
96 160 275 371 467
512 0 224 275 467
416 418 419 88 26
0 323 227 371 275
419 323 227 88 152
0 224 416 227 419
512 96 514 467 58
512 224 416 26 58
416 26 89 410 412
409 24 89 410 413
408 24 410 91 412
416 419 89 27 413
417 419 88 27 415
409 408 24 90 411
515 323 227 92 156
321 1 225 369 273
515 227 419 27 59
1 511 465 273 223
515 465 59 92 511
37 69 585 489 297
7 297 489 523 235
331 523 235 190 126
37 489 523 126 447
198 331 379 190 351
164 100 371 275 563
100 164 393 489 297
96 427 467 441 31
275 563 467 63 31
427 523 235 63 31
100 489 523 563 63
64 32 229 517 421
517 325 229 202 138
64 517 138 528 471
32 64 432 240 528
229 122 325 421 186
32 421 423 432 122
202 138 471 279 375
325 327 202 375 186
56 410 506 24 218
4 460 268 506 218
4 410 220 218 412
4 364 268 316 220
107 364 171 460 268
504 107 460 56 506
504 408 24 56 216
32 458 432 508 95
512 97 458 58 508
421 427 437 122 31
32 97 421 458 437
512 97 467 437 31
238 430 14 438 246
430 334 238 184 120
200 333 334 184 382
41 429 430 438 120
237 333 429 184 120
486 74 556 526 111
42 107 460 430 438
74 42 460 268 556
364 268 556 111 175
74 42 238 430 526
256 544 302 494 22
448 256 22 254 446
448 256 544 70 38
448 38 476 125 446
38 70 284 476 572
189 380 476 284 125
352 195 199 330 378
256 352 448 131 195
38 70 298 490 586
448 131 38 490 522
8 298 586 570 282
8 234 330 378 282
256 544 352 135 199
100 164 346 538 250
8 250 282 474 538
298 586 394 180 116
100 37 489 538 474
504 106 459 56 505
217 313 170 106 505
217 409 56 505 24
553 75 557 110 535
3 265 553 557 269
75 43 461 557 269
3 461 505 269 217
439 535 75 43 247
106 43 461 439 505
239 527 335 188 124
431 239 335 120 184
333 335 184 188 381
75 527 535 124 477
43 75 239 431 527
43 429 431 439 120
192 334 335 184 383
196 358 212 405 406
196 358 335 188 383
357 208 212 405 407
192 196 357 405 383
287 536 12 248 479
128 74 526 536 479
192 128 287 383 479
440 536 74 42 248
440 12 431 239 248
440 42 430 431 120
383 12 335 239 287
307 595 499 55 87
503 549 144 499 55
261 549 19 307 499
357 261 19 309 405
19 595 307 597 309
148 597 212 309 405
497 146 499 55 541
549 81 146 499 567
210 307 499 403 146
397 210 403 214 349
595 307 403 150 214
355 206 399 403 214
355 202 210 403 375
355 325 202 206 373
325 331 373 186 190
259 355 19 307 403
259 451 453 261 19
355 259 451 202 138
451 453 138 49 471
547 142 495 53 501
309 597 53 85 501
547 259 355 142 206
259 547 19 309 501
517 293 229 485 9
325 229 9 373 277
293 581 9 277 565
451 485 517 138 47
547 581 142 79 565
547 259 451 79 47
485 293 581 79 47
74 554 556 113 536
485 47 113 536 479
64 517 485 554 113
128 451 453 47 479
64 554 556 111 528
64 32 458 266 554
4 266 554 268 556
4 458 266 508 220
465 435 29 94 511
102 166 367 559 271
102 559 561 531 61
1 559 271 561 273
172 108 251 347 539
6 251 284 539 476
38 490 108 539 476
67 521 539 476 125
67 108 559 561 539
448 131 44 468 446
481 67 102 521 559
513 35 104 463 443
35 425 428 121 443
98 35 425 463 433
35 67 251 443 539
35 67 463 559 271
67 35 425 521 233
354 400 402 211 215
400 304 592 151 215
258 354 306 402 20
306 594 20 598 310
400 496 304 147 211
352 195 400 211 372
352 199 396 400 215
328 330 378 187 191
328 207 376 348 191
324 328 203 376 187
354 203 207 402 376
256 352 304 400 22
191 328 520 232 127
520 538 474 62 127
250 538 30 442 62
328 232 424 187 123
424 426 442 123 30
520 232 424 30 62
280 376 207 143 568
578 482 68 290 36
578 68 143 568 540
376 328 232 10 280
482 290 520 232 10
280 578 290 10 568
482 36 520 444 127
9 469 277 533 245
523 469 533 126 63
421 229 9 437 245
245 437 533 63 31
0 272 560 563 275
100 560 563 538 62
0 515 227 272 464
464 272 560 30 62
515 464 442 92 30
101 560 563 533 63
482 101 520 560 62
482 36 101 533 469
516 139 530 472 60
553 557 109 530 60
488 75 557 109 527
450 454 139 46 472
454 488 46 527 124
488 109 46 530 472
280 472 139 203 376
472 10 530 242 280
232 424 10 434 242
420 424 434 123 28
28 434 242 530 60
101 165 533 341 245
386 482 290 101 165
386 389 165 341 181
578 68 581 117 565
386 578 290 117 181
293 581 389 117 181
293 389 9 341 245
161 97 458 266 362
161 97 341 245 437
266 554 362 177 113
293 389 485 177 113
161 389 362 177 341
105 43 461 431 440
105 42 460 440 506
105 461 56 505 506
4 266 362 314 218
344 536 177 113 248
169 362 177 344 314
344 440 105 169 248
169 105 314 506 218
392 169 365 173 344
169 105 269 365 461
365 109 269 557 173
344 392 296 12 248
392 488 296 109 173
296 488 12 527 239
584 296 12 575 287
392 296 584 117 181
581 584 79 117 575
287 575 47 79 479
389 392 177 181 344
132 196 309 501 405
132 196 383 575 287
547 132 79 501 575
584 488 296 78 46
386 290 10 242 338
578 584 78 117 568
280 472 46 78 568
109 173 242 530 338
386 392 173 338 181
169 365 153 314 317
153 218 314 89 410
3 365 269 221 317
153 221 89 317 413
320 512 161 224 97
320 0 224 368 272
101 165 272 560 368
320 161 165 368 341
320 161 362 153 314
320 416 153 224 89
550 262 498 306 20
132 196 550 358 262
132 550 498 53 501
550 454 262 78 46
550 78 143 498 568
132 550 584 78 575
509 515 464 59 93
424 464 434 93 30
509 457 434 28 93
386 165 368 338 157
320 368 157 153 317
365 173 338 157 317
368 272 464 157 93
509 93 157 317 221
434 242 338 157 93
cells 120
396 588 143 591 207 402 594 85 23 151 215 348 540 300 495 303 498 306 53 252
8 522 394 273 465 346 156 29 92 234 298 172 108 490 426 442 561 369 250 61
588 589 590 591 592 593 594 595 148 596 86 599 597 85 150 149 84 151 598 87
513 322 2 321 274 466 88 25 152 222 414 225 226 418 417 104 168 370 57 510
66 2 510 270 466 274 532 340 222 34 99 163 167 103 558 366 562 436 244 318
318 5 456 264 408 25 216 155 219 411 91 222 414 163 99 360 312 57 507 510
5 264 73 459 267 342 534 216 312 360 41 552 171 555 107 115 179 438 246 504
321 322 323 393 394 395 152 345 346 347 156 160 164 168 172 176 369 370 371 180
263 204 140 18 148 596 406 599 407 86 598 212 551 359 308 500 310 311 54 502
134 198 588 397 589 399 591 84 214 23 150 543 351 300 492 493 303 301 52 255
192 128 261 453 582 574 526 334 144 81 14 208 286 357 294 486 549 238 49 382
260 593 18 145 404 596 401 599 55 209 149 87 213 311 548 356 497 305 308 503
258 573 450 262 454 140 204 77 20 406 285 477 546 358 45 124 310 502 188 381
66 6 395 524 466 274 347 34 104 168 299 428 236 491 251 112 176 370 562 443
65 2 322 514 462 270 274 345 537 96 160 226 33 441 558 112 176 370 562 249
129 449 193 257 197 6 71 133 587 332 524 284 353 545 39 491 299 236 380 572
193 197 326 329 201 332 205 398 401 209 404 213 350 353 185 356 374 377 380 189
129 66 193 326 332 524 16 532 278 470 121 34 422 230 236 428 436 244 374 185
580 260 326 518 452 137 201 16 145 82 209 278 356 548 292 484 230 50 566 374
257 449 193 129 80 145 401 209 21 470 278 541 353 48 497 305 566 374 253 445
260 452 455 136 200 574 263 208 144 18 82 407 311 478 286 548 359 50 503 382
260 452 455 263 137 201 141 205 18 83 404 281 473 356 551 569 51 500 308 377
391 73 267 459 525 13 343 247 487 295 41 106 555 363 170 237 429 114 178 439
5 72 456 264 267 529 337 219 98 162 552 40 555 363 241 178 315 114 433 507
326 518 72 137 329 201 15 529 281 473 185 230 422 40 377 233 425 241 433 121
452 518 455 72 73 137 136 525 529 534 473 478 484 487 552 555 114 115 50 51
388 518 456 72 264 16 340 99 292 484 422 230 360 40 552 163 179 436 115 244
257 197 133 589 590 398 593 401 84 149 21 213 353 545 493 494 301 302 305 52
69 134 135 70 71 586 587 585 133 543 544 545 492 493 494 116 52 570 571 572
577 446 329 521 76 141 205 15 281 542 350 289 481 233 44 569 125 377 189 254
141 205 590 592 398 596 404 86 22 213 149 350 542 302 304 496 500 308 54 254
191 255 69 199 135 396 23 282 474 348 543 444 37 300 492 127 570 378 252 447
385 387 391 337 339 343 154 158 162 166 361 170 363 174 367 178 182 313 315 319
387 516 265 457 11 339 28 158 94 483 228 420 291 361 553 174 110 435 243 60
195 131 324 330 11 522 531 468 276 29 228 420 234 123 426 435 372 243 187 61
385 577 579 387 11 76 339 468 531 276 289 481 291 166 102 44 243 564 118 182
258 450 516 324 579 11 139 203 77 211 147 276 546 483 228 354 291 45 372 564
577 385 583 391 15 529 337 83 281 473 289 295 487 241 178 114 51 182 118 569
573 583 263 136 200 455 140 333 525 13 204 83 285 359 295 551 487 237 51 381
387 579 391 583 13 77 535 343 247 285 477 291 483 295 45 174 110 182 118 573
577 579 583 140 141 77 76 147 83 542 546 551 496 500 564 54 502 118 569 573
65 194 130 327 519 7 331 537 475 283 33 231 186 423 235 427 441 249 122 379
257 449 130 194 134 71 198 397 21 475 283 349 545 39 493 301 571 379 253 445
129 449 66 65 130 519 524 532 470 537 475 480 103 39 491 558 48 112 562 445
71 7 393 585 395 587 345 537 283 475 39 297 299 491 176 112 180 116 249 571
2 514 462 270 26 91 155 412 222 414 95 220 418 226 159 366 316 58 508 318
576 194 130 519 327 80 17 146 210 279 541 349 288 480 567 231 48 375 253 445
68 447 142 399 206 277 469 23 540 351 36 190 303 495 373 565 444 252 126 255
384 65 519 462 270 336 17 159 288 33 95 480 167 231 103 423 366 558 240 432
580 388 582 390 14 82 534 342 183 478 286 292 484 294 50 115 179 246 119 574
576 384 580 388 80 16 340 532 278 470 183 288 480 292 167 103 48 244 566 119
384 388 390 336 340 342 155 159 163 167 360 171 364 366 175 179 183 312 316 318
576 384 582 390 528 81 17 336 471 279 183 288 567 486 294 175 111 49 240 119
1 513 271 463 25 154 411 219 90 223 415 417 225 98 162 367 315 57 507 319
3 319 265 457 217 154 409 90 413 158 223 94 221 27 415 361 313 59 509 511
512 0 322 514 323 275 467 88 152 26 96 224 226 418 419 160 227 416 371 58
90 27 408 89 410 91 25 88 414 409 26 417 418 419 411 412 416 413 415 24
1 321 515 323 465 273 88 152 27 92 156 223 415 417 225 419 227 369 59 511
69 134 198 7 585 447 523 331 283 543 351 37 297 489 235 571 379 190 126 255
7 393 523 467 275 345 31 96 160 164 100 297 489 441 235 427 563 371 249 63
64 325 517 327 202 138 528 17 471 279 32 421 229 231 423 186 432 240 375 122
4 460 268 408 24 218 91 410 155 220 412 216 56 504 107 364 171 312 506 316
512 514 458 462 467 95 32 97 33 96 58 421 31 423 427 432 437 441 122 508
200 73 136 333 334 14 525 534 120 478 286 41 237 430 238 429 246 438 184 382
390 74 460 268 14 526 342 294 486 42 171 107 364 238 556 111 175 430 438 246
448 256 197 133 70 398 254 22 284 476 350 544 38 302 494 125 572 380 189 446
256 448 131 195 70 199 135 8 586 522 330 282 352 544 38 490 298 234 570 378
69 8 585 586 394 393 282 538 346 474 164 100 37 297 298 489 116 180 570 250
5 459 267 408 24 154 219 411 216 409 90 217 313 504 106 363 170 56 505 315
3 265 75 269 461 535 343 217 247 361 170 106 553 557 174 505 110 43 439 313
75 13 333 335 527 535 247 285 184 477 43 237 429 431 124 239 439 120 188 381
192 196 200 204 333 334 335 208 212 405 406 407 357 358 359 184 188 381 382 383
192 128 74 12 334 335 526 536 120 184 287 479 440 42 238 431 239 430 248 383
261 144 208 595 212 405 148 407 599 597 55 87 19 311 357 549 499 307 309 503
576 580 582 80 81 145 82 144 55 146 119 541 548 567 549 497 499 566 503 574
397 589 593 210 595 146 21 214 150 87 403 349 541 301 497 305 499 307 55 253
194 325 198 327 202 331 397 206 399 210 403 214 349 351 355 373 375 186 379 190
259 451 261 453 202 138 81 210 19 146 403 471 279 375 355 549 49 307 499 567
259 206 399 591 142 595 19 85 214 150 597 403 547 355 495 303 307 501 53 309
259 451 581 325 517 9 202 138 206 79 142 277 355 547 485 293 229 47 565 373
64 128 451 453 517 138 74 526 528 471 536 479 485 486 554 556 47 111 49 113
64 4 458 266 268 336 528 220 95 32 159 554 364 556 111 240 432 175 316 508
1 511 271 465 273 531 339 29 94 223 158 166 102 559 367 561 435 243 61 319
6 70 586 587 394 395 539 347 284 476 38 490 299 108 172 298 116 180 251 572
448 131 67 521 522 531 468 539 476 481 38 102 490 44 108 559 561 61 125 446
513 456 463 466 57 98 35 34 99 422 104 40 425 428 433 436 443 121 507 510
321 1 513 67 271 463 273 347 539 225 35 104 168 172 108 559 369 561 443 251
67 6 329 521 332 539 476 284 35 185 233 425 428 236 443 125 121 251 380 189
385 67 521 271 15 337 463 289 162 35 98 481 166 102 233 425 367 559 241 433
258 400 592 402 147 211 20 86 215 151 594 598 354 546 496 304 306 54 310 502
195 324 199 328 330 203 396 207 400 402 211 215 348 352 354 372 376 378 187 191
256 199 135 588 396 590 400 592 84 22 215 151 544 352 300 492 302 494 304 52
256 448 131 195 76 400 147 211 468 276 22 542 352 44 496 304 372 564 254 446
191 328 8 330 520 282 474 538 30 424 232 234 426 187 378 442 250 123 62 127
578 68 328 520 10 143 207 280 348 540 482 290 36 376 232 127 568 444 252 191
325 9 331 523 533 469 277 31 421 229 186 235 427 373 245 437 122 190 126 63
0 515 323 272 464 275 346 538 92 156 30 227 164 100 560 442 371 563 250 62
520 447 523 469 533 474 538 482 100 37 36 101 489 560 563 62 444 63 126 127
450 516 454 139 75 527 530 535 472 477 483 488 553 45 557 110 124 46 109 60
516 324 328 10 139 203 530 280 472 28 228 420 232 424 187 434 242 376 123 60
386 578 68 581 389 9 469 341 277 533 290 482 36 165 293 101 565 181 245 117
64 517 389 9 458 266 341 32 161 97 421 229 293 485 362 554 177 113 245 437
459 460 461 56 120 440 105 106 41 107 429 43 431 42 430 438 439 504 505 506
4 74 266 460 268 536 344 218 440 105 42 362 556 554 169 314 177 113 248 506
392 75 12 461 269 527 344 440 296 488 169 43 105 557 365 109 173 431 239 248
581 389 392 584 12 79 344 536 287 479 293 485 296 47 177 113 117 181 248 575
128 192 259 451 261 196 453 132 575 79 19 405 287 479 547 357 47 501 309 383
386 578 392 584 10 78 530 338 472 280 290 488 296 173 46 109 242 181 117 568
3 269 461 24 153 217 409 410 89 218 413 221 169 105 314 365 56 505 506 317
320 512 0 272 275 467 341 533 31 224 97 161 101 165 368 560 563 437 245 63
320 512 4 266 458 89 218 410 26 220 412 153 416 224 97 161 362 314 58 508
196 132 262 594 148 405 406 85 212 597 20 598 550 358 498 306 309 310 501 53
258 450 454 262 139 203 78 207 143 402 20 472 280 354 550 568 46 498 306 376
578 68 581 132 584 142 143 79 78 540 547 550 495 498 501 53 565 568 117 575
196 132 262 454 584 12 575 78 527 335 287 358 550 488 296 46 239 124 188 383
515 457 464 465 28 29 92 93 94 30 420 424 426 123 434 435 442 59 509 511
320 386 389 392 338 341 344 153 157 161 165 169 362 173 365 368 177 181 314 317
0 320 515 464 272 89 153 27 157 221 413 416 224 93 227 419 317 368 59 509
386 520 10 464 272 338 157 30 93 290 482 101 165 232 424 560 368 434 242 62
3 265 457 269 530 338 28 157 221 93 553 557 173 109 365 434 242 317 60 509
