vertices 8
-1.0 0.0 0.0 0.0
0.0 -1.0 0.0 0.0
0.0 0.0 -1.0 0.0
0.0 0.0 0.0 -1.0
1.0 0.0 0.0 0.0
0.0 1.0 0.0 0.0
0.0 0.0 1.0 0.0
0.0 0.0 0.0 1.0
edges 24
0 1
0 2
0 3
0 5
0 6
0 7
1 2
1 3
1 4
1 6
1 7
2 3
2 4
2 5
2 7
3 4
3 5
3 6
4 5
4 6
4 7
5 6
5 7
6 7
faces 32
0 1 2
0 1 3
0 2 3
1 2 3
1 2 4
1 3 4
2 3 4
0 1 7
0 2 7
1 2 7
1 4 7
2 4 7
1 3 6
1 4 6
3 4 6
0 1 6
0 3 6
1 6 7
4 6 7
0 6 7
0 3 5
2 3 5
0 2 5
3 4 5
2 4 5
2 5 7
4 5 7
0 5 7
0 5 6
5 6 7
4 5 6
3 5 6
cells 16
0 1 2 3
1 2 3 4
0 1 2 7
1 2 4 7
1 3 4 6
0 1 3 6
1 4 6 7
0 1 6 7
0 2 3 5
2 3 4 5
2 4 5 7
0 2 5 7
0 5 6 7
4 5 6 7
0 3 5 6
3 4 5 6
