vertices 24
-1.0 -1.0 0.0 0.0
-1.0 0.0 -1.0 0.0
-1.0 0.0 0.0 -1.0
0.0 -1.0 -1.0 0.0
0.0 -1.0 0.0 -1.0
0.0 0.0 -1.0 -1.0
-1.0 1.0 0.0 0.0
-1.0 0.0 1.0 0.0
-1.0 0.0 0.0 1.0
0.0 -1.0 1.0 0.0
0.0 -1.0 0.0 1.0
0.0 0.0 -1.0 1.0
1.0 -1.0 0.0 0.0
1.0 0.0 -1.0 0.0
1.0 0.0 0.0 -1.0
0.0 1.0 -1.0 0.0
0.0 1.0 0.0 -1.0
0.0 0.0 1.0 -1.0
1.0 1.0 0.0 0.0
1.0 0.0 1.0 0.0
1.0 0.0 0.0 1.0
0.0 1.0 1.0 0.0
0.0 1.0 0.0 1.0
0.0 0.0 1.0 1.0
edges 96
0 1
0 2
0 3
0 4
0 7
0 8
0 9
0 10
1 2
1 3
1 5
1 6
1 8
1 11
1 15
2 4
2 5
2 6
2 7
2 16
2 17
3 4
3 5
3 10
3 11
3 12
3 13
4 5
4 9
4 12
4 14
4 17
5 13
5 14
5 15
5 16
6 7
6 8
6 15
6 16
6 21
6 22
7 8
7 9
7 17
7 21
7 23
8 10
8 11
8 22
8 23
9 10
9 12
9 17
9 19
9 23
10 11
10 12
10 20
10 23
11 13
11 15
11 20
11 22
12 13
12 14
12 19
12 20
13 14
13 15
13 18
13 20
14 16
14 17
14 18
14 19
15 16
15 18
15 22
16 17
16 18
16 21
17 19
17 21
18 19
18 20
18 21
18 22
19 20
19 21
19 23
20 22
20 23
21 22
21 23
22 23
faces 96
8 6 7
0 8 7
2 6 7
0 2 7
0 1 8
8 1 6
0 1 2
1 2 6
0 10 3
10 3 12
0 9 10
9 10 12
3 4 12
0 3 4
9 4 12
0 9 4
8 10 23
9 10 23
8 23 7
9 23 7
0 8 10
0 9 7
8 1 11
8 10 11
11 10 3
11 1 3
0 1 3
0 2 4
1 3 5
1 2 5
3 4 5
2 4 5
1 5 15
1 11 15
11 13 15
13 5 15
11 3 13
13 3 5
11 20 13
10 11 20
20 12 13
3 12 13
10 12 20
22 6 15
8 6 22
1 6 15
8 11 22
11 22 15
11 20 22
20 22 23
8 22 23
10 20 23
9 17 7
9 4 17
17 2 4
17 2 7
21 22 23
23 21 7
21 6 22
21 6 7
13 5 14
4 5 14
12 13 14
4 12 14
19 12 20
19 20 23
9 19 12
9 19 23
19 12 14
17 4 14
17 19 14
9 19 17
19 21 23
17 19 21
17 21 7
16 2 6
16 2 5
16 6 15
16 5 15
16 17 21
16 17 2
16 21 6
16 5 14
16 17 14
18 13 15
18 22 15
18 20 22
18 20 13
18 13 14
18 19 14
18 19 20
16 18 21
16 18 15
18 21 22
18 19 21
16 18 14
cells 24
0 1 2 6 7 8
0 3 4 9 10 12
0 7 8 9 10 23
0 1 3 8 10 11
0 1 2 3 4 5
1 3 5 11 13 15
3 10 11 12 13 20
1 6 8 11 15 22
8 10 11 20 22 23
0 2 4 7 9 17
6 7 8 21 22 23
3 4 5 12 13 14
9 10 12 19 20 23
4 9 12 14 17 19
7 9 17 19 21 23
1 2 5 6 15 16
2 6 7 16 17 21
2 4 5 14 16 17
11 13 15 18 20 22
12 13 14 18 19 20
6 15 16 18 21 22
18 19 20 21 22 23
5 13 14 15 16 18
14 16 17 18 19 21
