vertices 5
0.8618033988749895 -0.1381966011250105 -0.1381966011250105 -0.1381966011250105
-0.1381966011250105 0.8618033988749895 -0.1381966011250105 -0.1381966011250105
-0.1381966011250105 -0.1381966011250105 0.8618033988749895 -0.1381966011250105
-0.1381966011250105 -0.1381966011250105 -0.1381966011250105 0.8618033988749895
-0.447213595499958 -0.447213595499958 -0.447213595499958 -0.447213595499958
edges 10
0 1
0 2
0 3
0 4
1 2
1 3
1 4
2 3
2 4
3 4
faces 10
1 2 4
0 2 4
0 1 2
0 1 4
0 3 4
1 3 4
0 1 3
2 3 4
0 2 3
1 2 3
cells 5
0 1 2 4
0 1 3 4
0 2 3 4
1 2 3 4
0 1 2 3
