vertices 120
-1.0 0.0 0.0 0.0
0.0 -1.0 0.0 0.0
0.0 0.0 -1.0 0.0
0.0 0.0 0.0 -1.0
1.0 0.0 0.0 0.0
0.0 1.0 0.0 0.0
0.0 0.0 1.0 0.0
0.0 0.0 0.0 1.0
-0.5 -0.5 -0.5 -0.5
-0.5 -0.5 -0.5 0.5
-0.5 -0.5 0.5 -0.5
-0.5 -0.5 0.5 0.5
-0.5 0.5 -0.5 -0.5
-0.5 0.5 -0.5 0.5
-0.5 0.5 0.5 -0.5
-0.5 0.5 0.5 0.5
0.5 -0.5 -0.5 -0.5
0.5 -0.5 -0.5 0.5
0.5 -0.5 0.5 -0.5
0.5 -0.5 0.5 0.5
0.5 0.5 -0.5 -0.5
0.5 0.5 -0.5 0.5
0.5 0.5 0.5 -0.5
0.5 0.5 0.5 0.5
-0.8090169943749475 -0.5 -0.3090169943749474 0.0
-0.8090169943749475 -0.3090169943749474 0.0 -0.5
-0.8090169943749475 0.0 -0.5 -0.3090169943749474
-0.5 -0.8090169943749475 0.0 -0.3090169943749474
-0.5 -0.3090169943749474 -0.8090169943749475 0.0
-0.5 0.0 -0.3090169943749474 -0.8090169943749475
-0.3090169943749474 -0.8090169943749475 -0.5 0.0
-0.3090169943749474 -0.5 0.0 -0.8090169943749475
-0.3090169943749474 0.0 -0.8090169943749475 -0.5
0.0 -0.8090169943749475 -0.3090169943749474 -0.5
0.0 -0.5 -0.8090169943749475 -0.3090169943749474
0.0 -0.3090169943749474 -0.5 -0.8090169943749475
-0.8090169943749475 -0.5 0.3090169943749474 0.0
-0.8090169943749475 0.3090169943749474 0.0 -0.5
-0.8090169943749475 0.0 -0.5 0.3090169943749474
-0.5 -0.8090169943749475 0.0 0.3090169943749474
-0.5 0.3090169943749474 -0.8090169943749475 0.0
-0.5 0.0 0.3090169943749474 -0.8090169943749475
0.3090169943749474 -0.8090169943749475 -0.5 0.0
0.3090169943749474 -0.5 0.0 -0.8090169943749475
0.3090169943749474 0.0 -0.8090169943749475 -0.5
0.0 -0.8090169943749475 0.3090169943749474 -0.5
0.0 -0.5 -0.8090169943749475 0.3090169943749474
0.0 0.3090169943749474 -0.5 -0.8090169943749475
-0.8090169943749475 0.5 -0.3090169943749474 0.0
-0.8090169943749475 -0.3090169943749474 0.0 0.5
-0.8090169943749475 0.0 0.5 -0.3090169943749474
0.5 -0.8090169943749475 0.0 -0.3090169943749474
0.5 -0.3090169943749474 -0.8090169943749475 0.0
0.5 0.0 -0.3090169943749474 -0.8090169943749475
-0.3090169943749474 -0.8090169943749475 0.5 0.0
-0.3090169943749474 0.5 0.0 -0.8090169943749475
-0.3090169943749474 0.0 -0.8090169943749475 0.5
0.0 -0.8090169943749475 -0.3090169943749474 0.5
0.0 0.5 -0.8090169943749475 -0.3090169943749474
0.0 -0.3090169943749474 0.5 -0.8090169943749475
-0.8090169943749475 0.5 0.3090169943749474 0.0
-0.8090169943749475 0.3090169943749474 0.0 0.5
-0.8090169943749475 0.0 0.5 0.3090169943749474
0.5 -0.8090169943749475 0.0 0.3090169943749474
0.5 0.3090169943749474 -0.8090169943749475 0.0
0.5 0.0 0.3090169943749474 -0.8090169943749475
0.3090169943749474 -0.8090169943749475 0.5 0.0
0.3090169943749474 0.5 0.0 -0.8090169943749475
0.3090169943749474 0.0 -0.8090169943749475 0.5
0.0 -0.8090169943749475 0.3090169943749474 0.5
0.0 0.5 -0.8090169943749475 0.3090169943749474
0.0 0.3090169943749474 0.5 -0.8090169943749475
0.8090169943749475 -0.5 -0.3090169943749474 0.0
0.8090169943749475 -0.3090169943749474 0.0 -0.5
0.8090169943749475 0.0 -0.5 -0.3090169943749474
-0.5 0.8090169943749475 0.0 -0.3090169943749474
-0.5 -0.3090169943749474 0.8090169943749475 0.0
-0.5 0.0 -0.3090169943749474 0.8090169943749475
-0.3090169943749474 0.8090169943749475 -0.5 0.0
-0.3090169943749474 -0.5 0.0 0.8090169943749475
-0.3090169943749474 0.0 0.8090169943749475 -0.5
0.0 0.8090169943749475 -0.3090169943749474 -0.5
0.0 -0.5 0.8090169943749475 -0.3090169943749474
0.0 -0.3090169943749474 -0.5 0.8090169943749475
0.8090169943749475 -0.5 0.3090169943749474 0.0
0.8090169943749475 0.3090169943749474 0.0 -0.5
0.8090169943749475 0.0 -0.5 0.3090169943749474
-0.5 0.8090169943749475 0.0 0.3090169943749474
-0.5 0.3090169943749474 0.8090169943749475 0.0
-0.5 0.0 0.3090169943749474 0.8090169943749475
0.3090169943749474 0.8090169943749475 -0.5 0.0
0.3090169943749474 -0.5 0.0 0.8090169943749475
0.3090169943749474 0.0 0.8090169943749475 -0.5
0.0 0.8090169943749475 0.3090169943749474 -0.5
0.0 -0.5 0.8090169943749475 0.3090169943749474
0.0 0.3090169943749474 -0.5 0.8090169943749475
0.8090169943749475 0.5 -0.3090169943749474 0.0
0.8090169943749475 -0.3090169943749474 0.0 0.5
0.8090169943749475 0.0 0.5 -0.3090169943749474
0.5 0.8090169943749475 0.0 -0.3090169943749474
0.5 -0.3090169943749474 0.8090169943749475 0.0
0.5 0.0 -0.3090169943749474 0.8090169943749475
-0.3090169943749474 0.8090169943749475 0.5 0.0
-0.3090169943749474 0.5 0.0 0.8090169943749475
-0.3090169943749474 0.0 0.8090169943749475 0.5
0.0 0.8090169943749475 -0.3090169943749474 0.5
0.0 0.5 0.8090169943749475 -0.3090169943749474
0.0 -0.3090169943749474 0.5 0.8090169943749475
0.8090169943749475 0.5 0.3090169943749474 0.0
0.8090169943749475 0.3090169943749474 0.0 0.5
0.8090169943749475 0.0 0.5 0.3090169943749474
0.5 0.8090169943749475 0.0 0.3090169943749474
0.5 0.3090169943749474 0.8090169943749475 0.0
0.5 0.0 0.3090169943749474 0.8090169943749475
0.3090169943749474 0.8090169943749475 0.5 0.0
0.3090169943749474 0.5 0.0 0.8090169943749475
0.3090169943749474 0.0 0.8090169943749475 0.5
0.0 0.8090169943749475 0.3090169943749474 0.5
0.0 0.5 0.8090169943749475 0.3090169943749474
0.0 0.3090169943749474 0.5 0.8090169943749475
edges 720
0 24
0 25
0 26
0 36
0 37
0 38
0 48
0 49
0 50
0 60
0 61
0 62
1 27
1 30
1 33
1 39
1 42
1 45
1 51
1 54
1 57
1 63
1 66
1 69
2 28
2 32
2 34
2 40
2 44
2 46
2 52
2 56
2 58
2 64
2 68
2 70
3 29
3 31
3 35
3 41
3 43
3 47
3 53
3 55
3 59
3 65
3 67
3 71
4 72
4 73
4 74
4 84
4 85
4 86
4 96
4 97
4 98
4 108
4 109
4 110
5 75
5 78
5 81
5 87
5 90
5 93
5 99
5 102
5 105
5 111
5 114
5 117
6 76
6 80
6 82
6 88
6 92
6 94
6 100
6 104
6 106
6 112
6 116
6 118
7 77
7 79
7 83
7 89
7 91
7 95
7 101
7 103
7 107
7 113
7 115
7 119
8 24
8 25
8 26
8 27
8 28
8 29
8 30
8 31
8 32
8 33
8 34
8 35
9 24
9 28
9 30
9 38
9 39
9 46
9 49
9 56
9 57
9 77
9 79
9 83
10 25
10 27
10 31
10 36
10 41
10 45
10 50
10 54
10 59
10 76
10 80
10 82
11 36
11 39
11 49
11 54
11 62
11 69
11 76
11 79
11 89
11 94
11 104
11 107
12 26
12 29
12 32
12 37
12 40
12 47
12 48
12 55
12 58
12 75
12 78
12 81
13 38
13 40
13 48
13 56
13 61
13 70
13 77
13 78
13 87
13 95
13 103
13 105
14 37
14 41
14 50
14 55
14 60
14 71
14 75
14 80
14 88
14 93
14 102
14 106
15 60
15 61
15 62
15 87
15 88
15 89
15 102
15 103
15 104
15 117
15 118
15 119
16 33
16 34
16 35
16 42
16 43
16 44
16 51
16 52
16 53
16 72
16 73
16 74
17 42
17 46
17 52
17 57
17 63
17 68
17 72
17 83
17 86
17 91
17 97
17 101
18 43
18 45
18 51
18 59
18 65
18 66
18 73
18 82
18 84
18 92
18 98
18 100
19 63
19 66
19 69
19 84
19 91
19 94
19 97
19 100
19 107
19 110
19 113
19 116
20 44
20 47
20 53
20 58
20 64
20 67
20 74
20 81
20 85
20 90
20 96
20 99
21 64
21 68
21 70
21 86
21 90
21 95
21 96
21 101
21 105
21 109
21 111
21 115
22 65
22 67
22 71
22 85
22 92
22 93
22 98
22 99
22 106
22 108
22 112
22 114
23 108
23 109
23 110
23 111
23 112
23 113
23 114
23 115
23 116
23 117
23 118
23 119
24 25
24 26
24 27
24 28
24 30
24 36
24 38
24 39
24 49
25 26
25 27
25 29
25 31
25 36
25 37
25 41
25 50
26 28
26 29
26 32
26 37
26 38
26 40
26 48
27 30
27 31
27 33
27 36
27 39
27 45
27 54
28 30
28 32
28 34
28 38
28 40
28 46
28 56
29 31
29 32
29 35
29 37
29 41
29 47
29 55
30 33
30 34
30 39
30 42
30 46
30 57
31 33
31 35
31 41
31 43
31 45
31 59
32 34
32 35
32 40
32 44
32 47
32 58
33 34
33 35
33 42
33 43
33 45
33 51
34 35
34 42
34 44
34 46
34 52
35 43
35 44
35 47
35 53
36 39
36 49
36 50
36 54
36 62
36 76
37 41
37 48
37 50
37 55
37 60
37 75
38 40
38 48
38 49
38 56
38 61
38 77
39 49
39 54
39 57
39 69
39 79
40 48
40 56
40 58
40 70
40 78
41 50
41 55
41 59
41 71
41 80
42 46
42 51
42 52
42 57
42 63
42 72
43 45
43 51
43 53
43 59
43 65
43 73
44 47
44 52
44 53
44 58
44 64
44 74
45 51
45 54
45 59
45 66
45 82
46 52
46 56
46 57
46 68
46 83
47 53
47 55
47 58
47 67
47 81
48 60
48 61
48 75
48 78
48 87
49 61
49 62
49 77
49 79
49 89
50 60
50 62
50 76
50 80
50 88
51 63
51 66
51 72
51 73
51 84
52 64
52 68
52 72
52 74
52 86
53 65
53 67
53 73
53 74
53 85
54 66
54 69
54 76
54 82
54 94
55 67
55 71
55 75
55 81
55 93
56 68
56 70
56 77
56 83
56 95
57 63
57 69
57 79
57 83
57 91
58 64
58 70
58 78
58 81
58 90
59 65
59 71
59 80
59 82
59 92
60 61
60 62
60 75
60 87
60 88
60 102
61 62
61 77
61 87
61 89
61 103
62 76
62 88
62 89
62 104
63 66
63 69
63 72
63 84
63 91
63 97
64 68
64 70
64 74
64 86
64 90
64 96
65 67
65 71
65 73
65 85
65 92
65 98
66 69
66 82
66 84
66 94
66 100
67 71
67 81
67 85
67 93
67 99
68 70
68 83
68 86
68 95
68 101
69 79
69 91
69 94
69 107
70 78
70 90
70 95
70 105
71 80
71 92
71 93
71 106
72 73
72 74
72 84
72 86
72 97
73 74
73 84
73 85
73 98
74 85
74 86
74 96
75 78
75 81
75 87
75 93
75 102
76 80
76 82
76 88
76 94
76 104
77 79
77 83
77 89
77 95
77 103
78 81
78 87
78 90
78 105
79 83
79 89
79 91
79 107
80 82
80 88
80 92
80 106
81 90
81 93
81 99
82 92
82 94
82 100
83 91
83 95
83 101
84 97
84 98
84 100
84 110
85 96
85 98
85 99
85 108
86 96
86 97
86 101
86 109
87 102
87 103
87 105
87 117
88 102
88 104
88 106
88 118
89 103
89 104
89 107
89 119
90 96
90 99
90 105
90 111
91 97
91 101
91 107
91 113
92 98
92 100
92 106
92 112
93 99
93 102
93 106
93 114
94 100
94 104
94 107
94 116
95 101
95 103
95 105
95 115
96 99
96 108
96 109
96 111
97 101
97 109
97 110
97 113
98 100
98 108
98 110
98 112
99 108
99 111
99 114
100 110
100 112
100 116
101 109
101 113
101 115
102 106
102 114
102 117
102 118
103 105
103 115
103 117
103 119
104 107
104 116
104 118
104 119
105 111
105 115
105 117
106 112
106 114
106 118
107 113
107 116
107 119
108 109
108 110
108 111
108 112
108 114
109 110
109 111
109 113
109 115
110 112
110 113
110 116
111 114
111 115
111 117
112 114
112 116
112 118
113 115
113 116
113 119
114 117
114 118
115 117
115 119
116 118
116 119
117 118
117 119
118 119
faces 1200
32 8 29
8 26 29
32 26 29
32 8 26
32 35 29
8 35 29
32 8 35
8 34 35
32 34 35
32 8 34
17 68 101
17 101 86
17 68 86
68 101 86
32 2 44
32 34 2
32 34 44
34 2 44
34 35 44
16 35 44
16 34 35
16 34 44
32 35 44
16 74 44
16 74 53
16 44 53
74 44 53
35 44 53
16 35 53
32 2 28
32 34 28
34 2 28
32 26 28
8 26 28
32 8 28
8 34 28
33 34 35
16 33 35
16 33 34
8 33 34
8 33 35
16 33 42
33 42 34
16 42 34
16 33 51
33 42 51
16 42 51
33 42 1
33 51 1
1 42 51
98 84 4
98 84 110
84 4 110
98 4 110
72 4 86
72 74 86
72 74 4
74 4 86
72 42 51
72 16 51
72 16 42
104 89 11
89 11 62
104 89 62
104 11 62
83 68 101
17 83 68
17 83 101
8 34 30
8 28 30
34 28 30
33 42 30
1 42 30
33 30 1
33 34 30
42 34 30
8 33 30
104 76 62
11 76 62
104 11 76
76 62 36
11 36 62
11 76 36
8 25 29
25 26 29
8 25 26
19 100 110
19 84 110
19 100 84
100 110 84
100 6 92
82 92 6
82 100 6
82 100 92
98 100 84
98 100 110
16 73 74
73 74 53
16 73 53
73 84 4
73 98 84
73 98 4
72 73 51
73 51 84
72 51 84
72 73 84
72 84 4
72 73 4
72 73 74
73 74 4
72 16 74
72 73 16
16 73 51
52 86 68
17 52 86
17 52 68
16 34 52
42 52 34
16 42 52
2 52 44
34 52 44
34 2 52
16 52 44
16 74 52
74 52 44
72 17 42
17 42 52
72 42 52
72 17 52
72 16 52
72 52 86
72 17 86
72 74 52
74 52 86
72 42 63
42 51 63
72 51 63
1 51 63
1 42 63
51 84 63
72 84 63
17 42 63
72 17 63
0 36 62
0 49 36
0 49 62
49 36 62
49 11 36
49 11 62
89 11 49
49 11 79
89 79 49
89 11 79
89 62 49
104 89 107
11 89 107
104 11 107
107 69 79
11 69 79
107 11 79
107 11 69
107 79 7
89 107 7
89 79 7
89 107 79
1 51 45
33 51 45
33 45 1
82 59 45
10 59 82
10 45 82
10 59 45
80 82 59
82 59 92
80 82 92
80 59 92
80 92 6
80 82 6
80 82 76
80 76 6
82 76 6
80 41 59
80 10 59
80 41 10
41 10 59
80 10 82
82 10 76
80 10 76
34 28 46
34 2 46
2 28 46
17 83 46
83 68 46
17 68 46
9 28 46
28 46 30
9 28 30
9 46 30
34 46 30
42 34 46
42 46 30
17 42 46
42 52 46
17 52 46
34 52 46
2 52 46
2 52 68
2 68 46
52 46 68
97 19 110
97 19 84
97 84 110
97 101 17
97 86 17
97 101 86
72 97 4
72 97 86
97 4 86
97 4 110
97 84 4
72 97 84
72 97 17
97 110 113
97 19 113
113 19 110
97 17 63
72 97 63
97 84 63
19 84 63
97 19 63
39 69 79
11 39 79
11 69 39
49 11 39
49 39 79
49 9 79
49 9 39
9 39 79
49 36 39
11 36 39
11 76 94
104 11 94
104 76 94
82 76 94
82 94 6
76 94 6
104 76 6
104 94 6
82 100 94
100 94 6
107 19 94
107 69 94
107 19 69
19 69 94
107 11 94
11 69 94
104 107 94
113 115 101
113 101 7
115 101 7
113 115 7
64 52 68
64 2 52
64 2 68
64 74 86
64 74 52
64 52 86
64 68 86
64 74 44
64 52 44
64 2 44
35 3 31
35 3 29
3 29 31
35 29 31
8 29 31
8 35 31
41 10 31
10 59 31
41 59 31
33 35 31
8 33 31
41 29 31
41 3 29
41 3 31
59 3 31
41 3 59
25 31 41
25 10 41
25 10 31
25 29 41
25 29 31
8 25 31
10 45 31
59 45 31
50 36 62
0 50 62
0 50 36
25 50 10
50 10 36
25 50 36
25 10 36
50 76 62
50 76 36
50 10 76
10 76 36
80 50 76
80 50 10
25 50 41
41 50 10
0 25 50
0 25 36
80 41 50
18 59 82
18 92 82
18 59 92
98 100 92
18 100 98
18 100 92
18 92 98
18 100 84
18 84 98
18 100 82
73 18 84
73 18 98
73 18 51
18 51 84
82 18 45
18 59 45
65 73 18
65 18 98
65 73 98
65 18 92
65 98 92
65 59 92
65 18 59
17 91 101
17 91 83
91 83 101
113 91 101
91 101 7
113 91 7
91 83 7
91 83 79
83 79 7
91 79 7
83 101 7
91 19 69
19 69 63
91 69 63
91 19 63
113 91 107
91 107 7
113 107 7
19 113 91
19 91 107
19 113 107
91 107 69
91 107 79
91 69 79
97 91 17
17 91 63
97 91 63
97 91 19
97 91 113
97 91 101
97 101 113
24 26 28
24 8 26
24 8 28
24 9 28
24 28 30
24 9 30
24 25 8
24 25 26
24 8 30
24 0 36
24 25 0
24 25 36
24 0 26
0 25 26
24 49 0
24 49 36
24 49 39
24 9 39
24 49 9
24 36 39
24 30 39
9 30 39
113 116 110
113 19 116
19 116 110
116 19 100
116 100 110
113 107 116
107 19 116
107 116 94
19 116 94
104 107 116
104 116 94
116 100 94
116 100 6
116 94 6
19 100 94
104 116 6
10 76 54
76 54 36
10 36 54
82 76 54
82 10 54
11 36 54
11 76 54
10 45 54
82 45 54
1 69 39
1 54 39
69 54 39
1 69 54
11 69 54
11 54 39
36 54 39
54 11 94
54 76 94
54 82 94
54 69 94
83 95 7
83 101 95
101 95 7
68 101 95
83 68 95
115 95 7
115 101 95
113 109 101
97 109 101
97 109 113
97 109 110
97 4 109
4 109 110
113 109 110
97 109 86
109 101 86
4 109 86
109 115 101
113 115 109
65 67 53
65 3 53
65 67 3
67 3 53
88 76 104
88 104 6
88 76 6
88 104 62
88 76 62
88 80 6
88 80 76
88 50 80
88 50 76
88 50 62
25 26 37
0 25 37
0 26 37
41 37 29
25 37 41
25 37 29
26 37 29
25 50 37
0 50 37
41 50 37
16 33 43
33 43 51
16 51 43
35 3 43
43 35 53
43 3 53
35 3 53
16 43 53
16 43 35
33 43 35
73 43 53
16 73 43
73 43 51
51 43 45
33 43 45
65 43 53
65 73 43
65 73 53
65 3 43
43 3 59
65 3 59
65 43 59
33 45 31
43 45 31
33 43 31
43 59 45
43 59 31
43 3 31
43 35 31
65 18 43
59 18 43
73 18 43
18 43 45
18 51 45
43 18 51
57 9 79
9 83 79
57 83 9
57 83 79
57 42 30
57 30 1
57 42 1
57 1 63
57 69 63
57 69 1
1 69 63
57 42 63
57 42 17
57 17 63
57 9 30
57 46 30
46 57 9
57 42 46
57 46 17
57 83 46
57 83 17
9 83 46
57 30 39
1 30 39
57 1 39
57 9 39
57 69 39
57 39 79
57 69 79
57 91 63
57 91 17
57 91 69
57 91 83
57 91 79
112 100 92
112 98 100
112 98 92
112 100 6
112 92 6
112 98 110
112 100 110
112 116 6
112 116 100
112 116 110
33 27 1
1 27 30
33 27 30
8 27 30
8 33 27
33 27 45
1 27 45
25 27 36
10 27 36
25 10 27
1 27 39
27 30 39
10 27 45
10 27 31
27 45 31
33 27 31
8 25 27
25 27 31
8 27 31
24 27 36
24 27 39
27 36 39
24 27 30
24 25 27
24 8 27
27 54 39
1 27 54
27 36 54
27 45 54
1 45 54
10 27 54
1 66 51
1 66 63
66 51 63
66 19 100
66 100 84
66 19 84
66 69 63
1 66 69
66 19 69
66 19 63
66 84 63
66 51 84
1 66 45
66 51 45
66 100 94
66 19 94
66 82 94
66 100 82
66 69 94
18 66 51
66 18 45
82 18 66
82 45 66
66 18 84
66 18 100
54 66 94
66 82 54
66 69 54
66 45 54
1 66 54
64 68 70
64 2 70
2 68 70
96 74 4
96 74 86
96 4 86
96 74 64
96 64 86
96 109 86
96 4 109
41 29 55
41 3 55
3 29 55
37 29 55
41 37 55
103 95 7
115 103 95
115 103 7
114 117 102
114 5 102
114 117 5
117 5 102
65 98 22
98 92 22
65 92 22
112 98 22
112 92 22
113 116 23
113 110 23
116 110 23
113 109 23
109 110 23
115 109 23
113 115 23
112 110 23
112 116 23
40 32 28
40 32 2
40 2 28
40 32 26
40 26 28
89 77 79
89 77 7
77 79 7
83 77 79
83 77 7
9 77 79
9 83 77
49 77 79
89 77 49
49 77 9
77 95 7
103 77 95
103 77 7
83 77 95
89 77 103
89 103 7
88 62 15
88 104 15
104 62 15
89 62 15
104 89 15
88 50 14
88 80 14
80 50 14
80 41 14
41 50 14
41 37 14
50 37 14
75 37 14
37 14 55
75 14 55
75 37 55
41 14 55
73 98 85
73 4 85
98 4 85
73 74 85
74 4 85
73 85 53
74 85 53
65 85 53
65 73 85
65 98 85
98 85 22
65 85 22
65 67 85
67 85 53
96 4 85
96 74 85
65 67 22
67 85 22
117 5 111
114 5 111
114 117 111
114 117 23
114 111 23
111 117 23
111 109 23
115 109 111
115 111 23
115 117 111
115 117 23
56 2 68
56 2 46
56 68 46
56 83 46
56 9 83
56 9 46
56 9 28
56 28 46
56 2 28
56 83 68
56 83 95
56 68 95
56 2 70
56 68 70
68 70 95
56 70 95
56 40 2
40 2 70
56 40 70
56 40 28
56 83 77
56 77 95
56 9 77
107 119 7
89 119 7
89 107 119
104 89 119
104 107 119
113 119 7
113 107 119
115 119 7
113 115 119
107 116 119
104 116 119
113 116 119
115 117 119
115 119 103
115 117 103
119 117 103
89 119 103
7 119 103
115 119 23
119 117 23
113 119 23
116 119 23
89 103 15
103 119 15
89 119 15
103 117 15
119 117 15
104 119 15
0 50 60
50 60 62
0 60 62
88 50 60
88 60 62
0 60 37
50 60 37
88 60 102
88 102 15
60 102 15
88 60 15
60 62 15
60 102 14
75 60 102
75 102 14
75 60 14
88 102 14
88 60 14
75 60 37
60 37 14
50 60 14
80 59 71
80 92 71
59 92 71
59 3 71
41 3 71
41 59 71
80 41 71
65 59 71
65 3 71
65 92 71
3 71 55
41 71 55
67 3 71
65 67 71
67 71 55
67 3 55
67 22 71
65 22 71
92 22 71
41 14 71
71 14 55
80 14 71
20 53 44
74 20 53
74 20 44
64 74 20
64 20 44
96 74 20
96 64 20
96 90 20
64 90 20
96 90 64
96 20 85
74 20 85
85 20 53
67 20 85
67 20 53
64 21 86
64 68 21
68 21 86
21 115 101
109 21 101
21 115 109
21 101 86
21 68 101
64 21 70
68 21 70
115 21 95
21 101 95
68 21 95
21 109 86
21 70 95
96 21 86
96 64 21
96 21 109
64 90 21
96 90 21
64 90 70
90 21 70
96 90 111
96 21 111
90 21 111
21 109 111
115 21 111
96 109 111
108 4 110
108 4 109
108 109 110
98 108 110
98 108 4
98 108 22
112 98 108
112 108 22
112 108 110
96 108 4
96 108 109
112 114 108
112 114 22
114 108 22
108 110 23
112 108 23
114 108 23
112 114 23
108 109 23
98 108 85
108 85 22
108 4 85
96 108 85
114 108 111
108 111 23
108 109 111
96 108 111
13 77 95
13 77 103
103 13 95
78 13 70
40 13 78
40 78 70
40 13 70
13 70 95
56 13 70
56 13 95
56 40 13
56 13 77
116 118 6
104 116 118
104 118 6
88 104 118
88 118 6
112 116 118
112 118 6
118 117 102
114 117 118
118 102 114
114 118 23
112 118 23
112 114 118
116 118 23
117 118 23
117 102 15
117 118 15
118 102 15
88 118 15
88 118 102
104 118 15
104 118 119
119 118 15
117 118 119
119 118 23
116 118 119
75 93 5
75 5 102
93 5 102
75 93 102
114 93 102
114 93 5
75 93 55
93 14 55
75 93 14
93 102 14
93 71 55
93 14 71
67 93 71
67 93 55
67 93 22
93 22 71
35 3 47
3 53 47
35 53 47
3 29 47
35 29 47
32 29 47
32 35 47
44 53 47
35 44 47
32 44 47
47 29 55
3 47 55
67 3 47
67 53 47
67 47 55
20 53 47
20 44 47
67 20 47
105 115 117
105 117 103
105 115 103
105 103 95
105 115 95
105 90 78
105 90 70
70 90 78
105 78 70
90 5 78
105 90 5
105 5 78
105 90 111
90 5 111
105 5 111
105 117 111
105 117 5
105 115 111
105 115 21
105 21 111
105 90 21
105 21 70
105 21 95
105 70 95
105 13 70
105 13 78
105 13 95
105 13 103
49 61 62
89 61 62
89 61 49
0 49 61
0 61 62
89 61 103
61 77 103
89 61 77
61 62 15
89 61 15
49 61 77
15 61 103
60 61 15
60 61 62
0 60 61
61 77 13
61 13 103
99 67 85
99 85 22
99 67 22
96 90 99
96 99 111
90 99 111
99 5 111
90 99 5
114 99 111
114 99 5
99 20 85
99 67 20
96 99 85
96 99 20
90 99 20
114 99 108
99 108 111
96 99 108
99 108 85
99 108 22
114 99 22
114 93 22
99 93 22
114 99 93
99 67 93
99 93 5
80 106 6
88 106 6
88 106 80
106 92 6
80 106 92
112 106 92
112 106 6
112 106 22
106 92 22
112 106 114
106 22 114
88 106 14
80 106 14
106 102 14
88 106 102
106 14 71
80 106 71
106 92 71
106 22 71
106 118 102
106 118 114
106 102 114
88 106 118
112 106 118
106 118 6
106 93 71
106 93 22
106 93 14
106 93 102
106 93 114
26 12 29
32 12 29
32 26 12
26 12 37
37 12 29
12 29 55
12 37 55
75 12 55
75 12 37
40 26 12
40 32 12
12 47 55
12 29 47
32 12 47
24 26 38
0 26 38
24 0 38
49 38 9
24 9 38
24 49 38
0 49 38
9 28 38
24 28 38
26 28 38
49 77 38
9 77 38
40 26 38
40 28 38
56 40 38
40 13 38
56 13 38
56 28 38
56 9 38
56 77 38
13 77 38
61 13 38
61 77 38
49 61 38
0 61 38
75 5 87
5 102 87
75 102 87
117 87 15
117 102 87
87 102 15
117 5 87
117 87 103
103 87 15
5 78 87
75 5 78
75 78 87
60 102 87
60 87 15
75 60 87
105 87 103
105 13 87
13 87 103
13 78 87
105 78 87
105 5 87
105 117 87
61 13 87
61 87 103
61 87 15
60 61 87
58 2 44
32 58 44
32 58 2
64 58 44
64 58 2
64 58 70
58 2 70
40 58 70
40 58 2
40 58 32
40 58 78
78 58 70
64 58 90
58 90 70
58 90 78
58 20 90
64 58 20
58 20 44
58 20 47
58 44 47
32 58 47
40 58 12
32 58 12
58 12 78
40 12 78
58 12 47
48 26 37
48 0 26
48 0 37
48 0 60
48 60 37
48 75 37
48 75 60
48 13 78
48 40 78
48 40 13
48 0 61
48 60 61
48 40 12
48 12 78
48 75 78
48 75 12
75 12 78
48 26 12
48 40 26
48 12 37
48 0 38
48 61 38
48 61 13
48 13 38
48 40 38
48 26 38
48 61 87
48 60 87
48 13 87
48 78 87
48 75 87
81 90 78
81 90 5
81 5 78
81 75 78
81 75 5
81 75 93
81 93 55
81 75 55
81 67 93
81 67 55
81 93 5
81 67 47
81 67 20
81 20 47
81 47 55
81 99 5
81 99 93
99 81 67
81 99 20
81 90 20
81 90 99
81 12 55
81 12 47
81 12 78
81 75 12
81 58 78
81 58 12
81 58 47
81 58 20
81 58 90
cells 600
32 8 26 29
32 8 35 29
32 8 34 35
17 68 101 86
32 34 2 44
16 34 35 44
32 34 35 44
16 74 44 53
16 35 44 53
32 34 2 28
32 8 26 28
32 8 34 28
16 33 34 35
8 33 34 35
16 33 42 34
16 33 42 51
33 42 51 1
98 84 4 110
72 74 4 86
72 16 42 51
104 89 11 62
17 83 68 101
8 34 28 30
33 42 30 1
33 42 34 30
8 33 34 30
104 11 76 62
62 11 76 36
8 25 26 29
19 100 110 84
82 100 6 92
98 100 110 84
16 73 74 53
73 98 84 4
72 73 51 84
72 73 84 4
72 73 74 4
72 73 74 16
72 73 51 16
17 52 86 68
16 42 52 34
34 2 52 44
16 34 52 44
16 74 52 44
72 17 42 52
72 16 42 52
72 17 52 86
72 74 52 86
72 16 74 52
72 42 51 63
1 42 51 63
72 51 84 63
72 17 42 63
0 49 36 62
49 11 36 62
89 49 11 79
89 49 11 62
104 89 107 11
11 107 69 79
89 107 7 79
11 89 107 79
33 51 45 1
10 82 59 45
80 82 59 92
80 82 92 6
80 82 76 6
80 41 10 59
80 10 82 59
80 82 10 76
34 2 28 46
17 83 68 46
9 28 46 30
34 28 46 30
42 34 46 30
17 42 52 46
42 52 34 46
34 2 52 46
2 52 46 68
17 52 46 68
97 19 84 110
97 101 86 17
72 97 4 86
97 84 4 110
72 97 84 4
72 97 86 17
97 110 19 113
72 97 17 63
72 97 84 63
97 19 84 63
11 69 79 39
49 11 79 39
49 9 79 39
49 11 36 39
104 11 76 94
82 76 94 6
104 76 94 6
82 100 94 6
19 107 69 94
11 107 69 94
104 11 107 94
113 115 101 7
64 2 52 68
64 74 52 86
64 52 86 68
64 74 52 44
64 2 52 44
3 35 29 31
8 35 29 31
41 10 59 31
8 33 35 31
41 3 29 31
3 41 59 31
25 10 41 31
25 41 29 31
8 25 29 31
10 59 45 31
0 50 36 62
25 50 10 36
62 50 76 36
50 10 76 36
80 50 10 76
25 50 10 41
0 25 50 36
80 41 50 10
18 59 92 82
18 100 98 92
18 100 98 84
18 100 82 92
73 18 84 98
73 18 51 84
82 18 59 45
73 65 18 98
65 18 92 98
65 18 59 92
17 83 91 101
113 91 101 7
83 91 7 79
83 91 101 7
19 91 69 63
107 113 91 7
107 113 91 19
107 19 91 69
107 91 69 79
107 91 7 79
97 91 17 63
19 97 91 63
97 91 101 113
19 97 91 113
97 91 101 17
24 8 26 28
24 9 28 30
24 25 26 8
24 8 28 30
24 25 36 0
24 25 26 0
24 49 36 0
24 49 9 39
24 49 36 39
24 9 30 39
113 19 116 110
100 19 116 110
19 113 107 116
19 107 116 94
104 107 116 94
100 116 94 6
100 19 116 94
104 116 94 6
10 76 54 36
82 10 76 54
11 76 54 36
82 10 45 54
1 69 54 39
11 69 54 39
11 36 54 39
94 11 76 54
94 82 76 54
94 11 69 54
83 7 101 95
83 68 101 95
115 7 101 95
97 101 109 113
97 4 109 110
97 110 109 113
97 101 109 86
97 4 109 86
113 101 115 109
3 65 67 53
88 76 104 6
88 76 104 62
88 80 76 6
88 50 80 76
88 50 76 62
0 25 26 37
25 29 37 41
25 29 26 37
0 25 50 37
25 50 37 41
16 33 43 51
3 35 43 53
16 35 43 53
16 33 43 35
16 73 43 53
16 73 43 51
33 43 45 51
73 65 43 53
3 65 43 53
3 65 43 59
33 43 45 31
59 43 45 31
3 59 43 31
3 35 43 31
33 43 35 31
65 18 43 59
73 65 18 43
51 18 43 45
59 18 43 45
73 18 43 51
57 83 9 79
57 42 30 1
57 69 1 63
57 42 1 63
57 42 17 63
57 9 46 30
57 42 46 30
57 83 46 17
57 83 46 9
57 42 46 17
57 1 30 39
57 9 30 39
57 69 1 39
57 69 79 39
57 9 79 39
57 91 17 63
57 91 69 63
57 83 91 17
57 83 91 79
57 91 69 79
112 98 100 92
112 100 6 92
112 98 100 110
112 100 116 6
112 100 116 110
33 27 30 1
8 33 27 30
33 27 45 1
25 10 27 36
1 27 30 39
10 27 45 31
33 27 45 31
8 25 27 31
25 10 27 31
8 33 27 31
24 27 36 39
24 27 30 39
24 25 27 8
24 25 27 36
24 8 27 30
1 27 54 39
27 36 54 39
1 27 45 54
10 27 45 54
10 27 36 54
1 66 51 63
66 19 100 84
1 66 69 63
66 19 69 63
66 51 84 63
66 19 84 63
1 66 51 45
66 19 100 94
66 100 82 94
66 19 69 94
51 66 18 45
82 66 18 45
66 18 100 84
66 18 100 82
51 66 18 84
94 66 82 54
94 66 69 54
1 66 45 54
66 82 45 54
1 66 69 54
64 2 68 70
96 74 4 86
96 74 64 86
96 4 109 86
41 3 29 55
41 29 37 55
115 7 95 103
114 5 117 102
65 98 92 22
112 98 92 22
113 116 110 23
113 109 110 23
113 115 109 23
112 116 110 23
40 32 2 28
40 32 26 28
89 7 77 79
83 7 77 79
9 83 77 79
89 49 77 79
49 77 9 79
7 77 95 103
83 7 77 95
89 7 77 103
88 104 62 15
104 89 62 15
88 50 80 14
80 41 50 14
41 50 37 14
75 37 14 55
41 37 14 55
73 98 4 85
73 74 4 85
73 74 53 85
73 65 53 85
73 65 98 85
65 98 85 22
53 65 67 85
96 74 4 85
65 67 85 22
114 5 117 111
114 23 117 111
115 23 109 111
115 23 117 111
56 2 68 46
56 9 83 46
56 9 28 46
56 2 28 46
56 83 68 46
56 83 68 95
56 2 68 70
56 68 70 95
56 40 2 70
56 40 2 28
56 83 77 95
56 9 83 77
89 107 7 119
104 89 107 119
113 107 7 119
113 115 7 119
104 107 116 119
113 107 116 119
115 103 117 119
89 103 7 119
115 103 7 119
115 23 117 119
113 115 23 119
116 113 23 119
89 15 103 119
117 15 103 119
104 89 15 119
0 50 60 62
88 50 60 62
0 50 60 37
88 60 102 15
88 60 62 15
102 75 60 14
88 102 60 14
75 60 37 14
50 60 37 14
88 50 60 14
80 59 92 71
3 41 59 71
80 41 59 71
3 65 59 71
65 59 92 71
41 3 55 71
3 65 67 71
3 67 55 71
65 67 22 71
65 92 22 71
41 55 14 71
80 41 14 71
74 20 53 44
64 74 20 44
96 74 64 20
96 90 64 20
96 74 20 85
74 53 20 85
53 67 20 85
64 68 21 86
101 109 115 21
101 68 21 86
64 68 21 70
101 115 21 95
101 68 21 95
109 101 21 86
68 21 70 95
96 64 21 86
96 109 21 86
96 90 64 21
64 90 21 70
96 90 21 111
109 115 21 111
96 109 21 111
4 108 109 110
98 108 4 110
112 98 108 22
112 98 108 110
96 4 108 109
112 114 108 22
112 108 110 23
112 114 108 23
108 109 110 23
98 108 85 22
98 4 108 85
96 4 108 85
114 108 23 111
109 108 23 111
96 108 109 111
77 13 95 103
40 70 13 78
56 13 70 95
56 40 13 70
56 77 13 95
104 116 118 6
88 104 118 6
112 116 118 6
102 117 118 114
112 114 118 23
112 116 118 23
114 117 118 23
102 117 118 15
88 102 118 15
88 104 118 15
104 15 118 119
15 117 118 119
116 23 118 119
23 117 118 119
104 116 118 119
5 75 93 102
114 5 93 102
75 93 14 55
102 75 93 14
55 93 14 71
55 67 93 71
67 93 22 71
3 35 53 47
3 35 29 47
32 35 29 47
35 44 53 47
32 35 44 47
29 3 55 47
3 67 53 47
3 67 55 47
20 53 44 47
67 20 53 47
105 115 117 103
105 115 95 103
105 90 78 70
105 90 5 78
105 90 5 111
105 5 117 111
105 115 117 111
105 115 21 111
105 90 21 111
105 90 21 70
105 115 21 95
105 21 70 95
105 13 78 70
105 13 70 95
105 13 95 103
89 49 61 62
0 49 61 62
89 77 61 103
89 61 62 15
89 49 77 61
89 103 61 15
60 61 62 15
0 60 61 62
13 77 61 103
67 99 85 22
96 90 99 111
90 99 5 111
114 99 5 111
67 99 20 85
96 99 20 85
96 90 99 20
114 99 108 111
96 99 108 111
96 99 108 85
99 108 85 22
114 99 108 22
114 99 93 22
67 99 93 22
5 114 99 93
88 106 80 6
80 106 92 6
112 106 92 6
112 106 92 22
112 106 22 114
88 106 80 14
88 106 102 14
80 106 14 71
80 106 92 71
106 92 22 71
106 102 118 114
88 106 102 118
112 106 118 6
112 106 118 114
88 106 118 6
106 93 22 71
106 93 14 71
106 102 93 14
106 93 22 114
106 93 102 114
32 26 12 29
29 26 12 37
29 12 37 55
75 12 37 55
40 32 26 12
29 12 55 47
32 12 29 47
24 0 26 38
24 49 38 9
24 49 38 0
24 9 28 38
24 26 28 38
49 77 38 9
40 26 28 38
56 40 13 38
56 40 28 38
56 9 77 38
56 9 28 38
56 77 13 38
13 77 61 38
0 49 61 38
49 77 61 38
75 5 102 87
15 117 102 87
5 117 102 87
117 15 103 87
75 5 78 87
60 15 102 87
75 60 102 87
105 103 13 87
105 13 78 87
105 5 78 87
105 5 117 87
105 103 117 87
13 103 61 87
103 15 61 87
15 60 61 87
32 58 2 44
64 58 2 44
64 58 2 70
40 58 2 70
40 2 58 32
40 70 58 78
64 58 90 70
70 58 90 78
64 58 20 90
64 58 20 44
58 20 44 47
32 58 44 47
40 58 32 12
40 58 12 78
32 58 12 47
48 0 26 37
48 0 60 37
48 75 60 37
48 40 13 78
48 0 60 61
48 40 12 78
48 75 12 78
48 40 26 12
48 26 12 37
48 75 12 37
48 0 61 38
48 13 61 38
48 40 13 38
48 0 26 38
48 40 26 38
48 60 61 87
48 13 61 87
48 13 78 87
48 75 78 87
48 75 60 87
81 90 5 78
81 75 5 78
81 75 93 55
81 67 93 55
81 5 75 93
81 67 20 47
81 67 55 47
81 5 99 93
81 67 99 93
81 67 99 20
81 90 99 20
81 90 99 5
81 12 55 47
81 75 12 78
81 75 12 55
81 58 12 78
81 58 12 47
81 58 20 47
81 58 90 78
81 58 20 90
