vertices 16
-1.0 -1.0 -1.0 -1.0
-1.0 -1.0 -1.0 1.0
-1.0 -1.0 1.0 -1.0
-1.0 -1.0 1.0 1.0
-1.0 1.0 -1.0 -1.0
-1.0 1.0 -1.0 1.0
-1.0 1.0 1.0 -1.0
-1.0 1.0 1.0 1.0
1.0 -1.0 -1.0 -1.0
1.0 -1.0 -1.0 1.0
1.0 -1.0 1.0 -1.0
1.0 -1.0 1.0 1.0
1.0 1.0 -1.0 -1.0
1.0 1.0 -1.0 1.0
1.0 1.0 1.0 -1.0
1.0 1.0 1.0 1.0
edges 32
0 1
0 2
0 4
0 8
1 3
1 5
1 9
2 3
2 6
2 10
3 7
3 11
4 5
4 6
4 12
5 7
5 13
6 7
6 14
7 15
8 9
8 10
8 12
9 11
9 13
10 11
10 14
11 15
12 13
12 14
13 15
14 15
faces 24
8 10 12 14
8 9 12 13
12 13 14 15
8 9 10 11
10 11 14 15
9 11 13 15
0 2 4 6
0 8 2 10
2 10 6 14
0 8 4 12
4 12 6 14
0 1 8 9
0 1 4 5
1 13 5 9
12 13 4 5
4 5 6 7
13 15 5 7
14 15 6 7
0 1 2 3
11 1 3 9
10 11 2 3
2 3 6 7
1 3 5 7
11 3 15 7
cells 8
8 9 10 11 12 13 14 15
0 2 4 6 8 10 12 14
0 1 4 5 8 9 12 13
4 5 6 7 12 13 14 15
0 1 2 3 8 9 10 11
0 1 2 3 4 5 6 7
2 3 6 7 10 11 14 15
1 3 5 7 9 11 13 15
