vertices 20
-1.0 -1.0 -1.0
-1.0 -1.0 1.0
-1.0 1.0 -1.0
-1.0 1.0 1.0
1.0 -1.0 -1.0
1.0 -1.0 1.0
1.0 1.0 -1.0
1.0 1.0 1.0
0.0 -1.618033988749895 -0.6180339887498948
-1.618033988749895 -0.6180339887498948 0.0
-0.6180339887498948 0.0 -1.618033988749895
0.0 -1.618033988749895 0.6180339887498948
-1.618033988749895 0.6180339887498948 0.0
0.6180339887498948 0.0 -1.618033988749895
0.0 1.618033988749895 -0.6180339887498948
1.618033988749895 -0.6180339887498948 0.0
-0.6180339887498948 0.0 1.618033988749895
0.0 1.618033988749895 0.6180339887498948
1.618033988749895 0.6180339887498948 0.0
0.6180339887498948 0.0 1.618033988749895
edges 30
0 8
0 9
0 10
1 9
1 11
1 16
2 10
2 12
2 14
3 12
3 16
3 17
4 8
4 13
4 15
5 11
5 15
5 19
6 13
6 14
6 18
7 17
7 18
7 19
8 11
9 12
10 13
14 17
15 18
16 19
faces 12
0 1 8 9 11
2 6 10 13 14
16 1 3 9 12
0 2 9 10 12
17 2 3 12 14
17 18 6 7 14
16 1 19 5 11
16 17 3 19 7
18 19 5 7 15
4 5 8 11 15
0 4 8 10 13
18 4 6 13 15
