vertices 12
-1.618033988749895 -1.0 0.0
-1.0 0.0 -1.618033988749895
0.0 -1.618033988749895 -1.0
-1.618033988749895 1.0 0.0
1.0 0.0 -1.618033988749895
0.0 -1.618033988749895 1.0
1.618033988749895 -1.0 0.0
-1.0 0.0 1.618033988749895
0.0 1.618033988749895 -1.0
1.618033988749895 1.0 0.0
1.0 0.0 1.618033988749895
0.0 1.618033988749895 1.0
edges 30
0 1
0 2
0 3
0 5
0 7
1 2
1 3
1 4
1 8
2 4
2 5
2 6
3 7
3 8
3 11
4 6
4 8
4 9
5 6
5 7
5 10
6 9
6 10
7 10
7 11
8 9
8 11
9 10
9 11
10 11
faces 20
0 5 7
0 3 7
8 1 3
0 1 3
0 1 2
2 5 6
0 2 5
10 5 6
9 10 6
10 5 7
8 1 4
9 4 6
8 9 4
1 2 4
2 4 6
3 8 11
8 9 11
3 11 7
9 10 11
10 11 7
